# Conjugate gradients optimization
#  Step   Current energy Av shift Mx shift   Funcs         Gradient
      0      15521.77930   0.0000   0.0000       1           546358
     10        687.62567   0.0284   0.9934      21           1181.6
     20        346.75742   0.0092   0.3665      42          271.463
     30        200.83258   0.0727   2.3222      64          753.213
     40        110.77315   0.0185   0.3958      84          107.558
     50         68.22095   0.0322   0.6612     104          98.3424
     60         52.32616   0.0132   0.3285     124          29.0265
     70         39.43608   0.0233   0.4577     144          30.8097
     80         27.66061   0.0165   0.2875     164          15.5073
     90         19.98463   0.0128   0.3198     184          9.89567
     99         16.09731   0.0123   0.2824     201           5.6783
# Conjugate gradients optimization
#  Step   Current energy Av shift Mx shift   Funcs         Gradient
      0        221.50909   0.0000   0.0000       1          897.095
     10        189.69638   0.0124   0.1598      21          635.085
     20        161.35355   0.0081   0.1474      41          333.238
     30        143.66626   0.0079   0.1143      61          260.368
     40        132.23671   0.0088   0.1148      81          217.221
     50        126.77044   0.0011   0.0184     103          56.1207
     60        122.89169   0.0053   0.0655     123          185.299
     70        116.90532   0.0050   0.0646     143          114.572
     80        110.43363   0.0046   0.0624     163          99.8846
     90        106.01936   0.0039   0.0484     183          47.7858
     99        101.73399   0.0091   0.1175     201          79.1825
# Conjugate gradients optimization
#  Step   Current energy Av shift Mx shift   Funcs         Gradient
      0        668.84888   0.0000   0.0000       1          2615.11
     10        619.76178   0.0061   0.1132      21           5118.9
     20        587.64899   0.0044   0.0860      41          2906.87
     30        565.42920   0.0031   0.0684      61          2057.33
     40        547.89160   0.0017   0.0298      81          986.257
     50        532.70465   0.0044   0.0982     101          1652.43
     60        517.87781   0.0029   0.0501     121          1670.24
     64        514.38403   0.0007   0.0098     129          687.671
# Conjugate gradients optimization
#  Step   Current energy Av shift Mx shift   Funcs         Gradient
      0       1389.25659   0.0000   0.0000       1          7367.84
     10       1315.48938   0.0028   0.0930      21          23943.2
     20       1217.81323   0.0026   0.0994      41           7227.9
     30       1152.99255   0.0046   0.1609      61          13066.8
     40       1106.97192   0.0040   0.0810      81          8330.65
     50       1077.13672   0.0038   0.0549     101          7954.26
     60       1050.64758   0.0053   0.0825     121          5553.28
     70       1033.05762   0.0033   0.0481     141          4560.36
     80       1015.40350   0.0053   0.0789     161          5322.14
     83       1011.87665   0.0005   0.0062     167          1435.47
# Conjugate gradients optimization
#  Step   Current energy Av shift Mx shift   Funcs         Gradient
      0       1238.30945   0.0000   0.0000       1           4268.5
     10       1179.78394   0.0031   0.0853      21            10990
     20       1132.55981   0.0031   0.0707      41          8644.55
     30       1106.60217   0.0029   0.0579      61          5350.92
     40       1076.23071   0.0041   0.0645      81          5045.83
     50       1048.69312   0.0007   0.0123     101          2000.46
     53       1046.13843   0.0004   0.0056     107          2050.99
# Conjugate gradients optimization
#  Step   Current energy Av shift Mx shift   Funcs         Gradient
      0       2355.60669   0.0000   0.0000       1           295450
     10       1868.79871   0.0055   0.2101      21          55927.6
     20       1677.53003   0.0048   0.0910      41          28228.9
     30       1519.57947   0.0014   0.0212      62          17263.7
     40       1467.88330   0.0009   0.0114      82          3933.71
     50       1404.38452   0.0046   0.0862     102          10225.1
     60       1326.51892   0.0059   0.0758     122          11481.2
     70       1240.78174   0.0111   0.1531     142          19486.9
     80       1158.04541   0.0069   0.0889     162          12119.3
     86       1135.84070   0.0006   0.0057     175          1814.14
# Conjugate gradients optimization
#  Step   Current energy Av shift Mx shift   Funcs         Gradient
      0       1678.72815   0.0000   0.0000       1          15184.7
     10       1458.52087   0.0102   0.2916      22          58915.4
     20       1337.43054   0.0058   0.1454      42          17913.6
     30       1279.24146   0.0039   0.0546      62          12113.5
     36       1257.61560   0.0003   0.0075      75          1837.02
# Conjugate gradients optimization
#  Step   Current energy Av shift Mx shift   Funcs         Gradient
      0       1347.42151   0.0000   0.0000       1          3425.66
      4       1338.74585   0.0004   0.0084       9          2049.57
# Conjugate gradients optimization
#  Step   Current energy Av shift Mx shift   Funcs         Gradient
      0       1581.70459   0.0000   0.0000       1          7239.42
     10       1444.03186   0.0065   0.1210      21          28303.3
     20       1334.50122   0.0065   0.1134      41          14864.9
     30       1279.45020   0.0015   0.0175      62          7895.18
     40       1245.05920   0.0042   0.0481      82          6863.52
     50       1210.34106   0.0025   0.0254     103          6341.89
     60       1189.40356   0.0020   0.0242     123          4642.69
     70       1167.91003   0.0011   0.0122     143          3383.47
     72       1166.38391   0.0006   0.0077     147          1625.87
# Conjugate gradients optimization
#  Step   Current energy Av shift Mx shift   Funcs         Gradient
      0       1263.29944   0.0000   0.0000       1          3139.52
      3       1260.01404   0.0003   0.0093       7          1232.87
# Conjugate gradients optimization
#  Step   Current energy Av shift Mx shift   Funcs         Gradient
      0       1198.14148   0.0000   0.0000       1          1600.19
      2       1196.99512   0.0003   0.0048       5          868.898
# Conjugate gradients optimization
#  Step   Current energy Av shift Mx shift   Funcs         Gradient
      0       1749.70361   0.0000   0.0000       1          15015.7
     10       1571.91785   0.0055   0.1009      21          19708.4
     20       1476.72791   0.0071   0.1183      41            17332
     30       1399.61218   0.0079   0.0700      62          14970.3
     40       1339.67639   0.0087   0.0589      83          11479.9
     50       1291.31982   0.0062   0.0370     103           7246.6
     60       1260.09827   0.0023   0.0242     124          4912.91
     70       1238.48169   0.0071   0.0568     144          18964.5
     72       1234.74194   0.0004   0.0082     149          1248.62
# Conjugate gradients optimization
#  Step   Current energy Av shift Mx shift   Funcs         Gradient
      0       1638.07544   0.0000   0.0000       1          9896.63
     10       1540.86206   0.0032   0.0663      21          12491.4
     20       1479.08032   0.0045   0.0466      41          13073.6
     30       1425.92273   0.0061   0.0605      61          11909.9
     40       1364.48755   0.0092   0.0874      81          17832.3
     50       1308.93921   0.0089   0.0784     101          11359.6
     60       1256.39905   0.0070   0.0586     121          8845.92
# Conjugate gradients optimization
#  Step   Current energy Av shift Mx shift   Funcs         Gradient
      0       1520.35474   0.0000   0.0000       1          8542.74
     10       1416.98523   0.0066   0.1203      21          21624.1
     20       1334.97437   0.0057   0.1121      41          12530.4
     30       1279.93494   0.0058   0.1113      61          9304.31
     40       1241.91663   0.0048   0.0856      81          7122.87
     50       1225.07751   0.0052   0.0728     101          7513.08
     60       1186.23193   0.0051   0.0681     121          5080.89
     70       1152.16748   0.0048   0.0529     141          4795.56
     80       1127.57751   0.0035   0.0271     161           3822.3
     90       1115.84265   0.0048   0.0410     181          8835.79
     92       1113.49207   0.0004   0.0095     185           982.75
# Conjugate gradients optimization
#  Step   Current energy Av shift Mx shift   Funcs         Gradient
      0       1214.98169   0.0000   0.0000       1          3324.62
      9       1187.60132   0.0004   0.0092      19          2295.88
# Conjugate gradients optimization
#  Step   Current energy Av shift Mx shift   Funcs         Gradient
      0       1290.35413   0.0000   0.0000       1          4760.46
     10       1230.78491   0.0067   0.0920      22          28606.3
     12       1222.19739   0.0007   0.0095      26          3487.63
# Conjugate gradients optimization
#  Step   Current energy Av shift Mx shift   Funcs         Gradient
      0       1352.49500   0.0000   0.0000       1          5998.12
      3       1341.59766   0.0005   0.0093       7          13075.7
# Conjugate gradients optimization
#  Step   Current energy Av shift Mx shift   Funcs         Gradient
      0       1449.31250   0.0000   0.0000       1          16943.9
     10       1341.99609   0.0050   0.0609      21          16121.8
     20       1268.94128   0.0051   0.0527      41          11008.9
# Conjugate gradients optimization
#  Step   Current energy Av shift Mx shift   Funcs         Gradient
      0       1266.30847   0.0000   0.0000       1           4368.9
      6       1257.34705   0.0005   0.0066      13          1751.04
# Conjugate gradients optimization
#  Step   Current energy Av shift Mx shift   Funcs         Gradient
      0       1290.15308   0.0000   0.0000       1           2941.4
      7       1270.43298   0.0006   0.0089      15          3226.07
# Conjugate gradients optimization
#  Step   Current energy Av shift Mx shift   Funcs         Gradient
      0       1359.35559   0.0000   0.0000       1          7275.18
     10       1305.36121   0.0029   0.0433      21          8471.21
     20       1250.62903   0.0035   0.0306      41          5449.28
     30       1215.90186   0.0071   0.0415      61          8513.14
     40       1190.45166   0.0006   0.0103      81           3271.8
     41       1189.28223   0.0012   0.0085      83          2620.19
# Conjugate gradients optimization
#  Step   Current energy Av shift Mx shift   Funcs         Gradient
      0       1256.02148   0.0000   0.0000       1          4758.46
     10       1220.49487   0.0030   0.0254      21           7105.1
     16       1207.47852   0.0011   0.0066      33          2550.12
# Conjugate gradients optimization
#  Step   Current energy Av shift Mx shift   Funcs         Gradient
      0       1310.78577   0.0000   0.0000       1          4388.57
      1       1309.82214   0.0005   0.0074       3          4622.52
# Conjugate gradients optimization
#  Step   Current energy Av shift Mx shift   Funcs         Gradient
      0       1913.10425   0.0000   0.0000       1           102360
     10       1343.88257   0.0025   0.0481      21          28452.2
     20       1273.59631   0.0027   0.0324      41           8040.2
     30       1246.01086   0.0025   0.0212      61          4937.33
     37       1234.86670   0.0002   0.0052      76          820.091
# Conjugate gradients optimization
#  Step   Current energy Av shift Mx shift   Funcs         Gradient
      0       1263.17468   0.0000   0.0000       1          11443.8
     10       1238.76294   0.0019   0.0145      21          2690.19
     20       1222.88123   0.0032   0.0249      41          4224.58
     29       1211.04919   0.0001   0.0037      64          558.509
# Conjugate gradients optimization
#  Step   Current energy Av shift Mx shift   Funcs         Gradient
      0       1213.10291   0.0000   0.0000       1          1523.09
      2       1211.63208   0.0003   0.0075       5          1105.65
# Molecular dynamics simulation at 150.00 K
#  Step   Current energy Av shift Mx shift   Kinetic energy    Kinetic temp.
      0       1211.63208   0.0000   0.0000        937.91919        149.29626
     10       1752.98108   0.0156   0.0434        551.77991         87.83131
     20       1880.90857   0.0188   0.0572        797.92535        127.01230
     30       1978.79150   0.0191   0.0583        830.57971        132.21016
     40       2011.55945   0.0200   0.0594        904.96484        144.05064
     50       2063.07568   0.0199   0.0644        890.38605        141.73003
# Molecular dynamics simulation at 400.00 K
#  Step   Current energy Av shift Mx shift   Kinetic energy    Kinetic temp.
      0       2063.07568   0.0000   0.0000        942.33984        149.99992
     10       2035.23218   0.0209   0.0682        989.96045        157.58009
     20       2713.97778   0.0284   0.0928       1848.29578        294.20834
     30       2997.09619   0.0326   0.0966       2402.22485        382.38174
     40       3044.09253   0.0313   0.0970       2244.53223        357.28052
     50       3239.12915   0.0326   0.0992       2445.00513        389.19144
# Molecular dynamics simulation at 1000.00 K
#  Step   Current energy Av shift Mx shift   Kinetic energy    Kinetic temp.
      0       3239.12915   0.0000   0.0000       2512.90869        400.00021
     10       3218.52490   0.0326   0.1068       2436.55420        387.84622
     20       4738.57568   0.0466   0.1657       5028.90771        800.49231
     30       5369.72461   0.0493   0.1755       5654.57959        900.08563
     40       5941.80762   0.0496   0.1837       5693.89551        906.34387
     50       6209.10303   0.0504   0.1690       5880.40283        936.03174
# Molecular dynamics simulation at 1000.00 K
#  Step   Current energy Av shift Mx shift   Kinetic energy    Kinetic temp.
      0       6209.10303   0.0000   0.0000       6282.26562        999.99951
     10       6408.96289   0.0510   0.1965       6035.99414        960.79852
     20       6458.69580   0.0515   0.1865       6139.40625        977.25946
     30       6569.92725   0.0508   0.1658       5895.39844        938.41870
     40       6752.55273   0.0504   0.1492       5788.67236        921.43024
     50       6669.62305   0.0508   0.1537       5892.72021        937.99243
     60       6675.14209   0.0508   0.1663       5835.79785        928.93164
     70       6713.68408   0.0505   0.1484       5781.17920        920.23755
     80       6703.27734   0.0504   0.1397       5739.67578        913.63110
     90       6706.36816   0.0503   0.1457       5750.19434        915.30542
    100       6541.46143   0.0515   0.1655       5981.17676        952.07275
    110       6837.71240   0.0519   0.1692       6045.89648        962.37476
    120       6784.72656   0.0517   0.1511       6028.26514        959.56818
    130       6942.38574   0.0508   0.1516       5831.78809        928.29333
    140       6780.85205   0.0516   0.1788       6020.11475        958.27081
    150       6737.80762   0.0515   0.1685       5982.59082        952.29785
    160       6941.97363   0.0510   0.1919       5924.28369        943.01660
    170       6854.20898   0.0516   0.1667       6041.24268        961.63397
    180       6767.26123   0.0521   0.2096       6101.14355        971.16888
    190       6966.43945   0.0510   0.1781       5804.06934        923.88110
    200       6984.76758   0.0510   0.1861       5883.05762        936.45435
    210       7053.13184   0.0526   0.1465       6226.40576        991.10785
    220       7165.05176   0.0512   0.1530       5885.55957        936.85260
    230       7229.63525   0.0522   0.1536       6082.74854        968.24078
    240       7055.84961   0.0519   0.1955       6135.16357        976.58411
    250       7070.51074   0.0524   0.1639       6187.12598        984.85541
    260       7030.04346   0.0524   0.1462       6177.37207        983.30280
    270       7235.38867   0.0517   0.1494       6018.17871        957.96265
    280       7117.11182   0.0517   0.1493       6036.45801        960.87231
    290       7025.27979   0.0523   0.1495       6149.74072        978.90448
    300       6951.20996   0.0529   0.1399       6236.11865        992.65393
# Molecular dynamics simulation at 800.00 K
#  Step   Current energy Av shift Mx shift   Kinetic energy    Kinetic temp.
      0       6951.20996   0.0000   0.0000       6282.26660        999.99969
     10       6906.83936   0.0531   0.1570       6325.52100       1006.88483
     20       7018.94189   0.0531   0.1581       6402.51074       1019.13995
     30       6953.45947   0.0532   0.1756       6337.15332       1008.73645
     40       6873.79590   0.0532   0.1639       6344.42871       1009.89453
     50       7002.38818   0.0532   0.1419       6323.02930       1006.48822
     60       7077.86621   0.0529   0.1577       6310.39648       1004.47736
     70       7056.42920   0.0523   0.1837       6169.56836        982.06061
     80       6955.28662   0.0536   0.1425       6447.07861       1026.23413
     90       6996.00098   0.0535   0.1841       6364.51953       1013.09259
    100       7049.97363   0.0528   0.1524       6272.58789        998.45905
    110       6420.71484   0.0500   0.1362       5616.70996        894.05762
    120       6544.83691   0.0493   0.1382       5468.68164        870.49475
    130       6499.87451   0.0497   0.1514       5531.01416        880.41669
    140       6437.58838   0.0499   0.1508       5587.49365        889.40698
    150       6511.55273   0.0496   0.1493       5536.94043        881.36005
    160       6447.47852   0.0501   0.1499       5582.63623        888.63379
    170       6534.28711   0.0494   0.1466       5471.73730        870.98114
    180       6493.57764   0.0497   0.1304       5555.16846        884.26154
    190       6407.91602   0.0500   0.1469       5651.00635        899.51685
    200       6558.18213   0.0495   0.1802       5508.24219        876.79193
    210       6218.19678   0.0490   0.1265       5367.78174        854.43365
    220       6192.70312   0.0488   0.1582       5335.69824        849.32666
    230       6263.99902   0.0490   0.1309       5318.39404        846.57220
    240       6280.81055   0.0488   0.1315       5301.16504        843.82977
    250       6170.52197   0.0492   0.1463       5415.93799        862.09912
    260       6208.18213   0.0488   0.1448       5325.87549        847.76312
    270       6302.08740   0.0489   0.1454       5337.13086        849.55469
    280       6206.47217   0.0489   0.1418       5310.57422        845.32745
    290       6173.64795   0.0492   0.1412       5405.47168        860.43311
    300       6220.29248   0.0489   0.1459       5388.04834        857.65967
# Molecular dynamics simulation at 500.00 K
#  Step   Current energy Av shift Mx shift   Kinetic energy    Kinetic temp.
      0       6220.29248   0.0000   0.0000       5025.81299        799.99969
     10       6069.14111   0.0479   0.1325       5144.46826        818.88702
     20       6112.32129   0.0479   0.1357       5150.62598        819.86719
     30       6033.81641   0.0481   0.1299       5144.29443        818.85938
     40       6093.96777   0.0479   0.1258       5106.39014        812.82581
     50       6032.03516   0.0484   0.1338       5226.31641        831.91547
     60       6037.84033   0.0480   0.1356       5164.92822        822.14380
     70       5999.02295   0.0481   0.1364       5170.47656        823.02698
     80       6059.60791   0.0479   0.1337       5172.48242        823.34625
     90       6005.23730   0.0481   0.1331       5185.17920        825.36731
    100       6030.05908   0.0480   0.1387       5221.79492        831.19574
    110       5134.75879   0.0430   0.1184       4085.33350        650.29590
    120       5173.23682   0.0421   0.1221       3977.16919        633.07849
    130       5164.23730   0.0425   0.1274       4054.72070        645.42303
    140       4977.71094   0.0431   0.1230       4164.69434        662.92841
    150       5174.85938   0.0430   0.1322       4114.98047        655.01508
    160       5114.42627   0.0426   0.1055       4018.90112        639.72131
    170       5103.79053   0.0427   0.1105       4084.59692        650.17865
    180       5010.17236   0.0430   0.1240       4144.53662        659.71973
    190       5039.88330   0.0428   0.1140       4110.12793        654.24261
    200       5079.56152   0.0431   0.1121       4133.47607        657.95917
    210       4608.19092   0.0401   0.1011       3584.23633        570.53217
    220       4683.20508   0.0399   0.1218       3566.62793        567.72931
    230       4651.48145   0.0398   0.1185       3562.21606        567.02704
    240       4685.63721   0.0397   0.1142       3519.92407        560.29504
    250       4659.38770   0.0400   0.1129       3593.32178        571.97839
    260       4576.37109   0.0403   0.1076       3618.54785        575.99384
    270       4557.56787   0.0405   0.1159       3655.20190        581.82837
    280       4585.75537   0.0401   0.1335       3603.60938        573.61597
    290       4625.95898   0.0399   0.1072       3579.20166        569.73077
    300       4627.59766   0.0402   0.1124       3605.52881        573.92145
# Molecular dynamics simulation at 300.00 K
#  Step   Current energy Av shift Mx shift   Kinetic energy    Kinetic temp.
      0       4627.59766   0.0000   0.0000       3141.13525        500.00015
     10       4391.36377   0.0388   0.1038       3373.74658        537.02679
     20       4379.08057   0.0389   0.1104       3370.30469        536.47894
     30       4410.44629   0.0387   0.1194       3356.28247        534.24689
     40       4305.04590   0.0394   0.1052       3469.37476        552.24872
     50       4462.39111   0.0387   0.1110       3320.06250        528.48145
     60       4385.76221   0.0388   0.1076       3378.55957        537.79291
     70       4431.67090   0.0389   0.1016       3335.18433        530.88855
     80       4451.28613   0.0386   0.1374       3341.69141        531.92432
     90       4403.70215   0.0388   0.1202       3380.01392        538.02441
    100       4384.09424   0.0386   0.1086       3351.67090        533.51282
    110       3738.32471   0.0342   0.1043       2631.23267        418.83481
    120       3698.47485   0.0339   0.0928       2560.43042        407.56464
    130       3754.84692   0.0339   0.0988       2589.08398        412.12564
    140       3646.94287   0.0344   0.0955       2653.20874        422.33292
    150       3686.43896   0.0344   0.1001       2652.27734        422.18466
    160       3649.86133   0.0345   0.1088       2657.65210        423.04019
    170       3710.69580   0.0340   0.0892       2595.14575        413.09055
    180       3639.13965   0.0346   0.0938       2676.77515        426.08417
    190       3670.93701   0.0345   0.1027       2651.84033        422.11508
    200       3631.92725   0.0348   0.0850       2701.90625        430.08450
    210       3309.37646   0.0313   0.1045       2187.41870        348.18930
    220       3306.65234   0.0315   0.0865       2210.80908        351.91254
    230       3295.07715   0.0314   0.0878       2216.33545        352.79221
    240       3248.33569   0.0316   0.0965       2227.62695        354.58957
    250       3276.28467   0.0319   0.0957       2259.06519        359.59387
    260       3197.16724   0.0318   0.0917       2256.34546        359.16095
    270       3297.60791   0.0314   0.0892       2211.25537        351.98358
    280       3232.85034   0.0319   0.0855       2282.13550        363.26614
    290       3264.46924   0.0314   0.0854       2207.79126        351.43216
    300       3262.75562   0.0322   0.0831       2296.82959        365.60513
# Conjugate gradients optimization
#  Step   Current energy Av shift Mx shift   Funcs         Gradient
      0       3262.75562   0.0000   0.0000       1      3.31301e+06
     10       1465.48352   0.0117   0.0418      22          54758.3
     20       1291.78308   0.0070   0.0284      42          18690.8
     30       1218.34900   0.0068   0.0405      62          10376.7
     40       1192.45020   0.0028   0.0151      83             3437
     50       1171.91638   0.0033   0.0146     103          4340.35
     52       1168.40564   0.0021   0.0098     107          5307.37
