# Conjugate gradients optimization
#  Step   Current energy Av shift Mx shift   Funcs         Gradient
      0      24897.60938   0.0000   0.0000       1      1.64698e+06
     10       1460.72327   0.0996   2.6762      21          5092.09
     20        543.42151   0.0213   0.6316      41          1249.62
     30        280.24347   0.0198   1.0562      61           1223.6
     40        208.41345   0.0087   0.2325      82          116.622
     50        141.89384   0.0164   0.3450     102          189.131
     60         92.82774   0.0040   0.2537     122          30.9791
     70         74.40818   0.0035   0.1586     143          41.9393
     80         66.59037   0.0024   0.0804     164          21.7419
     90         56.85075   0.0102   0.2244     184          36.3032
     99         46.43367   0.0122   0.2401     201          19.2429
# Conjugate gradients optimization
#  Step   Current energy Av shift Mx shift   Funcs         Gradient
      0        579.21753   0.0000   0.0000       1          2708.93
     10        508.79639   0.0145   0.2395      22          2005.68
     20        405.72009   0.0172   0.2365      42          2403.61
     30        284.06351   0.0162   0.2070      62          1172.16
     40        239.08618   0.0191   0.2919      82          818.272
     50        204.97041   0.0075   0.1087     102          302.245
     60        179.63788   0.0080   0.1299     122          330.578
     70        161.57655   0.0132   0.1835     142          318.324
     80        146.75807   0.0129   0.1624     162          312.162
     90        136.30222   0.0084   0.1127     182          168.003
# Conjugate gradients optimization
#  Step   Current energy Av shift Mx shift   Funcs         Gradient
      0        862.04047   0.0000   0.0000       1          4508.18
     10        810.13141   0.0151   0.2416      21          33128.8
     20        769.38470   0.0082   0.1145      41          13876.2
     25        751.26184   0.0004   0.0056      51          419.666
# Conjugate gradients optimization
#  Step   Current energy Av shift Mx shift   Funcs         Gradient
      0       2191.35620   0.0000   0.0000       1          11485.2
     10       1970.94800   0.0022   0.0433      22          21834.6
     20       1646.57593   0.0118   0.2524      42          44224.9
     30       1522.73315   0.0059   0.1210      62          17384.3
     40       1414.72705   0.0076   0.1437      82          17855.8
     50       1340.47937   0.0048   0.0802     102          14527.4
     60       1276.93848   0.0075   0.1007     122          9004.08
     66       1256.10254   0.0007   0.0080     135          3142.08
# Conjugate gradients optimization
#  Step   Current energy Av shift Mx shift   Funcs         Gradient
      0       1559.97913   0.0000   0.0000       1          6624.49
     10       1477.35571   0.0049   0.1017      21          15427.2
     20       1423.92322   0.0044   0.0730      42          19003.4
     21       1420.02271   0.0009   0.0088      44          3885.73
# Conjugate gradients optimization
#  Step   Current energy Av shift Mx shift   Funcs         Gradient
      0      47871.31641   0.0000   0.0000       1      6.30566e+07
     10       4995.76270   0.0095   0.5836      21           439761
     20       3524.84424   0.0068   0.3033      41           235460
     30       2712.21387   0.0125   0.3269      61           113106
     40       2291.86035   0.0094   0.1677      81          52087.4
     50       2014.77515   0.0139   0.2751     101            47857
     60       1804.79236   0.0040   0.0489     121          23278.8
     70       1680.39917   0.0077   0.0963     141            18315
     80       1592.70398   0.0011   0.0155     162          11690.3
     90       1507.91748   0.0088   0.1384     182          13133.6
# Conjugate gradients optimization
#  Step   Current energy Av shift Mx shift   Funcs         Gradient
      0       2357.56104   0.0000   0.0000       1          32889.3
     10       2023.78687   0.0062   0.1066      21          49940.6
     20       1857.75916   0.0067   0.0750      41          25066.7
     30       1748.18237   0.0066   0.0558      61          15754.2
     40       1656.24329   0.0141   0.1321      81          15852.3
     50       1558.65601   0.0084   0.0866     102          14090.1
     60       1480.30872   0.0155   0.1463     123          15947.3
     68       1425.71704   0.0015   0.0100     140          7171.31
# Conjugate gradients optimization
#  Step   Current energy Av shift Mx shift   Funcs         Gradient
      0       1477.22559   0.0000   0.0000       1          7675.67
      1       1475.23254   0.0006   0.0071       3          5267.46
# Conjugate gradients optimization
#  Step   Current energy Av shift Mx shift   Funcs         Gradient
      0       1637.87939   0.0000   0.0000       1          7889.81
     10       1573.86487   0.0056   0.0700      21          15497.3
     20       1513.87866   0.0073   0.0889      41          11416.3
     30       1466.57458   0.0031   0.0225      62          7335.27
     40       1419.87988   0.0076   0.0600      82          9802.54
     50       1377.80017   0.0069   0.0541     102          8170.19
     60       1340.50842   0.0074   0.0608     122           7256.1
     68       1310.67993   0.0005   0.0071     139           1673.5
# Conjugate gradients optimization
#  Step   Current energy Av shift Mx shift   Funcs         Gradient
      0       1468.03735   0.0000   0.0000       1          4747.27
     10       1419.67871   0.0049   0.0700      21          8084.19
     20       1388.48450   0.0024   0.0251      41           3530.4
     21       1387.66040   0.0006   0.0061      43          1842.96
# Conjugate gradients optimization
#  Step   Current energy Av shift Mx shift   Funcs         Gradient
      0       1313.56458   0.0000   0.0000       1           2931.4
      8       1300.22437   0.0008   0.0092      17          2114.91
# Conjugate gradients optimization
#  Step   Current energy Av shift Mx shift   Funcs         Gradient
      0       3250.76660   0.0000   0.0000       1          50138.3
     10       2654.84619   0.0138   0.2642      21          96562.7
     20       2245.03320   0.0128   0.1593      41          50912.2
     30       1999.95154   0.0125   0.1654      61          35018.5
     40       1815.88281   0.0139   0.1779      81          28567.3
     50       1684.15479   0.0124   0.1604     102          18403.1
     60       1613.32678   0.0031   0.0369     123          9267.02
     70       1561.73853   0.0091   0.1238     144          11820.6
     80       1517.10742   0.0025   0.0275     164          6255.11
     90       1485.70935   0.0046   0.0433     184          6600.26
     99       1442.37183   0.0101   0.0870     201          8409.01
# Conjugate gradients optimization
#  Step   Current energy Av shift Mx shift   Funcs         Gradient
      0       1665.47058   0.0000   0.0000       1          13143.5
     10       1594.55811   0.0040   0.0473      21            12702
     20       1553.70520   0.0050   0.0348      41          9244.06
     29       1521.22021   0.0010   0.0097      60          3464.43
# Conjugate gradients optimization
#  Step   Current energy Av shift Mx shift   Funcs         Gradient
      0       1835.88159   0.0000   0.0000       1          9483.78
     10       1734.11548   0.0074   0.1244      21          18547.5
     20       1662.32092   0.0043   0.0421      41          10832.8
     30       1608.33521   0.0065   0.0699      61            10415
     36       1578.03210   0.0011   0.0095      74          3729.98
# Conjugate gradients optimization
#  Step   Current energy Av shift Mx shift   Funcs         Gradient
      0       1976.40820   0.0000   0.0000       1          14120.2
     10       1825.25720   0.0075   0.1032      21          23879.8
     20       1726.61096   0.0094   0.1015      41          16518.3
     30       1656.09607   0.0115   0.0976      62          26145.1
     40       1594.09509   0.0072   0.0538      82            10009
     50       1545.90771   0.0084   0.0577     102          8649.51
     60       1503.42017   0.0115   0.0749     122          7250.56
     70       1468.39282   0.0071   0.0444     142             5497
     80       1442.68823   0.0101   0.0613     162          5215.04
     90       1417.02722   0.0069   0.0659     182          5023.98
     97       1401.82959   0.0010   0.0098     197           4231.1
# Conjugate gradients optimization
#  Step   Current energy Av shift Mx shift   Funcs         Gradient
      0       1484.52820   0.0000   0.0000       1          6086.08
      1       1483.00793   0.0005   0.0075       3          3384.16
# Conjugate gradients optimization
#  Step   Current energy Av shift Mx shift   Funcs         Gradient
      0       1804.05750   0.0000   0.0000       1          10946.6
     10       1694.33044   0.0061   0.0748      21          26365.1
     20       1627.77271   0.0060   0.0525      41          13763.6
     30       1584.10791   0.0013   0.0113      62          4460.73
     40       1560.71545   0.0048   0.0326      82          7642.68
     50       1517.52856   0.0071   0.0456     102          7298.03
     60       1473.92554   0.0137   0.0864     122          11066.4
     70       1434.08313   0.0067   0.0478     142          4849.46
     80       1413.76184   0.0056   0.0405     162          3819.43
     90       1393.37195   0.0061   0.0496     182             3758
     95       1383.32861   0.0007   0.0067     193          1758.15
# Conjugate gradients optimization
#  Step   Current energy Av shift Mx shift   Funcs         Gradient
      0       1406.16296   0.0000   0.0000       1          2277.73
      1       1405.24719   0.0006   0.0068       3          2592.05
# Conjugate gradients optimization
#  Step   Current energy Av shift Mx shift   Funcs         Gradient
      0       1441.62341   0.0000   0.0000       1           4389.5
      1       1440.38721   0.0005   0.0079       3          4310.89
# Conjugate gradients optimization
#  Step   Current energy Av shift Mx shift   Funcs         Gradient
      0       1558.67896   0.0000   0.0000       1            11353
     10       1449.59912   0.0041   0.0546      21          6481.37
     20       1422.25769   0.0027   0.0279      41          3687.93
     30       1404.52637   0.0036   0.0326      61          3644.87
     40       1390.36743   0.0041   0.0289      81          2382.63
     50       1377.13025   0.0041   0.0321     101           2205.5
     60       1366.28455   0.0038   0.0265     121          2310.01
     70       1356.37390   0.0036   0.0191     141          1705.89
     79       1348.43567   0.0014   0.0085     160          1035.26
# Conjugate gradients optimization
#  Step   Current energy Av shift Mx shift   Funcs         Gradient
      0       1391.20654   0.0000   0.0000       1          1831.89
      1       1390.45996   0.0005   0.0089       3          1996.81
# Conjugate gradients optimization
#  Step   Current energy Av shift Mx shift   Funcs         Gradient
      0       1548.57434   0.0000   0.0000       1          7574.95
     10       1476.49683   0.0037   0.1167      21          19972.6
     20       1434.24255   0.0059   0.1164      41          5450.79
     30       1416.15149   0.0028   0.0393      61          2810.03
     40       1404.46008   0.0026   0.0168      81          2440.11
     46       1398.15759   0.0011   0.0083      93          1522.51
# Conjugate gradients optimization
#  Step   Current energy Av shift Mx shift   Funcs         Gradient
      0       1878.07178   0.0000   0.0000       1          8230.54
     10       1766.97278   0.0048   0.1138      21            13689
     20       1708.67529   0.0046   0.0768      41          8905.25
     30       1675.08362   0.0033   0.0388      62          7351.01
     40       1654.83826   0.0030   0.0426      82           6112.8
     50       1602.58289   0.0117   0.1968     102          17720.1
     60       1559.44031   0.0094   0.1194     123          6419.48
     70       1527.70837   0.0051   0.0605     143          5712.06
     80       1488.92932   0.0074   0.0912     163          7152.84
     90       1450.16821   0.0084   0.1138     183             6151
     99       1420.82031   0.0059   0.0733     201          5574.95
# Conjugate gradients optimization
#  Step   Current energy Av shift Mx shift   Funcs         Gradient
      0       1544.88782   0.0000   0.0000       1          20398.1
     10       1454.93103   0.0036   0.0545      21          5625.98
     17       1438.73523   0.0006   0.0070      36           1624.5
# Conjugate gradients optimization
#  Step   Current energy Av shift Mx shift   Funcs         Gradient
      0       1502.06812   0.0000   0.0000       1          25695.9
     10       1453.14050   0.0030   0.0376      22          8063.49
     12       1449.80615   0.0008   0.0096      26           2673.3
# Conjugate gradients optimization
#  Step   Current energy Av shift Mx shift   Funcs         Gradient
      0       1457.08350   0.0000   0.0000       1          5910.14
      4       1452.26086   0.0003   0.0043       9          773.446
# Molecular dynamics simulation at 150.00 K
#  Step   Current energy Av shift Mx shift   Kinetic energy    Kinetic temp.
      0       1452.26086   0.0000   0.0000        933.67114        149.04408
     10       1991.27417   0.0156   0.0519        550.11133         87.81554
     20       2138.26855   0.0188   0.0571        797.89941        127.37053
     30       2221.98804   0.0192   0.0626        836.81195        133.58223
     40       2260.48633   0.0197   0.0722        882.82721        140.92775
     50       2332.38794   0.0196   0.0750        872.72986        139.31589
# Molecular dynamics simulation at 400.00 K
#  Step   Current energy Av shift Mx shift   Kinetic energy    Kinetic temp.
      0       2332.38794   0.0000   0.0000        939.65961        150.00005
     10       2281.27100   0.0210   0.0780       1000.61475        159.73045
     20       2985.29297   0.0281   0.1151       1800.64258        287.44073
     30       3344.19604   0.0322   0.1215       2373.34985        378.86334
     40       3321.07788   0.0316   0.1222       2299.92578        367.14249
     50       3569.95679   0.0323   0.1271       2409.36499        384.61252
# Molecular dynamics simulation at 1000.00 K
#  Step   Current energy Av shift Mx shift   Kinetic energy    Kinetic temp.
      0       3569.95679   0.0000   0.0000       2505.75854        400.00003
     10       3556.88013   0.0322   0.1438       2381.83301        380.21753
     20       5120.78027   0.0461   0.1948       4978.96875        794.80432
     30       5587.09277   0.0496   0.2091       5782.21240        923.02795
     40       6080.64307   0.0496   0.2175       5717.94824        912.76935
     50       6197.15137   0.0505   0.2232       6024.16064        961.65070
# Molecular dynamics simulation at 1000.00 K
#  Step   Current energy Av shift Mx shift   Kinetic energy    Kinetic temp.
      0       6197.15137   0.0000   0.0000       6264.40234       1000.00104
     10       6354.19873   0.0508   0.1933       6072.27246        969.33093
     20       6304.37695   0.0520   0.1953       6301.82568       1005.97504
     30       6538.58105   0.0502   0.2104       5861.03711        935.61096
     40       6793.14404   0.0501   0.1820       5805.20459        926.69824
     50       6644.65234   0.0502   0.1791       5778.93896        922.50543
     60       6634.84375   0.0504   0.1728       5812.56348        927.87299
     70       6606.92285   0.0505   0.1947       5845.88330        933.19189
     80       6788.26514   0.0497   0.1761       5679.14453        906.57501
     90       6753.35010   0.0498   0.1852       5677.30664        906.28162
    100       6790.42773   0.0498   0.1564       5645.82764        901.25653
    110       6882.02637   0.0515   0.2320       6040.28369        964.22449
    120       6968.90234   0.0517   0.1873       6089.66846        972.10791
    130       7072.13965   0.0514   0.1606       5968.19336        952.71655
    140       7053.41455   0.0517   0.1844       6070.13525        968.98975
    150       7031.41357   0.0516   0.2016       6085.18311        971.39185
    160       7037.70703   0.0517   0.1937       6050.83887        965.90942
    170       7074.26025   0.0513   0.2402       6044.46484        964.89191
    180       6978.02686   0.0515   0.2623       6090.93457        972.31000
    190       7030.59473   0.0517   0.2322       6101.98340        974.07373
    200       7024.79541   0.0519   0.1925       6100.56689        973.84766
    210       7136.17090   0.0521   0.2385       6099.18359        973.62683
    220       6960.89746   0.0525   0.1814       6263.74316        999.89581
    230       7112.04053   0.0519   0.1934       6146.81396        981.23016
    240       7117.20410   0.0518   0.1568       6077.84424        970.22034
    250       7095.10400   0.0517   0.1792       6085.49219        971.44122
    260       7042.02246   0.0522   0.1492       6166.80322        984.42108
    270       7115.00879   0.0520   0.1583       6090.11621        972.17938
    280       7070.31738   0.0519   0.1766       6149.22412        981.61487
    290       7084.53223   0.0524   0.1700       6190.20850        988.15735
    300       7190.46143   0.0517   0.1542       6016.09229        960.36273
# Molecular dynamics simulation at 800.00 K
#  Step   Current energy Av shift Mx shift   Kinetic energy    Kinetic temp.
      0       7190.46143   0.0000   0.0000       6264.39404        999.99976
     10       7295.38818   0.0525   0.1858       6214.54932        992.04291
     20       7100.36914   0.0532   0.1818       6494.63428       1036.75354
     30       7090.15674   0.0533   0.2224       6379.81055       1018.42395
     40       7184.25977   0.0528   0.1841       6271.02637       1001.05847
     50       7204.53809   0.0531   0.1780       6351.15381       1013.84937
     60       7176.94531   0.0533   0.1725       6411.23584       1023.44043
     70       7159.81201   0.0530   0.1641       6339.91846       1012.05585
     80       7090.19531   0.0535   0.1983       6460.24512       1031.26392
     90       7248.33643   0.0526   0.1945       6231.18701        994.69879
    100       7076.18604   0.0536   0.1760       6454.57959       1030.35950
    110       6575.80762   0.0496   0.1356       5508.50293        879.33508
    120       6504.44873   0.0494   0.1540       5491.17188        876.56848
    130       6571.23389   0.0498   0.1352       5525.63818        882.07043
    140       6506.01416   0.0494   0.1461       5522.46826        881.56439
    150       6607.89111   0.0497   0.1595       5493.87744        877.00037
    160       6512.11426   0.0495   0.1439       5518.55469        880.93970
    170       6565.65430   0.0496   0.1612       5516.85645        880.66858
    180       6431.20312   0.0498   0.1597       5620.15723        897.15869
    190       6540.16162   0.0497   0.1470       5536.18115        883.75342
    200       6498.42285   0.0497   0.1657       5573.20850        889.66418
    210       6370.79541   0.0477   0.1445       5114.93066        816.50824
    220       6290.75879   0.0484   0.1336       5282.24658        843.21729
    230       6218.30713   0.0484   0.1703       5274.82031        842.03180
    240       6271.86768   0.0484   0.1723       5267.59961        840.87915
    250       6352.28125   0.0482   0.1447       5175.21777        826.13202
    260       6322.80420   0.0479   0.1714       5209.23975        831.56299
    270       6347.82666   0.0483   0.1449       5163.70850        824.29474
    280       6337.03516   0.0482   0.1487       5222.79980        833.72766
    290       6242.63867   0.0482   0.1391       5256.24951        839.06726
    300       6357.70459   0.0481   0.1511       5185.78271        827.81848
# Molecular dynamics simulation at 500.00 K
#  Step   Current energy Av shift Mx shift   Kinetic energy    Kinetic temp.
      0       6357.70459   0.0000   0.0000       5011.52197        800.00085
     10       6262.82471   0.0478   0.1483       5112.15039        816.06439
     20       6239.32422   0.0476   0.1345       5122.41650        817.70319
     30       6261.19580   0.0483   0.1583       5200.70361        830.20038
     40       6237.73389   0.0481   0.1361       5184.79834        827.66138
     50       6241.26758   0.0481   0.1437       5113.07178        816.21149
     60       6196.61182   0.0478   0.1297       5118.85840        817.13525
     70       6167.33154   0.0482   0.1406       5191.25342        828.69183
     80       6262.21143   0.0476   0.1647       5091.28857        812.73419
     90       6197.40820   0.0477   0.1686       5132.04346        819.23999
    100       6184.73779   0.0479   0.1701       5152.96143        822.57916
    110       5263.17773   0.0429   0.1325       4154.08643        663.12646
    120       5291.80420   0.0422   0.1226       4026.75781        642.80066
    130       5450.74414   0.0422   0.1301       3996.08008        637.90350
    140       5174.89307   0.0428   0.1215       4158.65527        663.85577
    150       5190.74072   0.0434   0.1277       4166.02979        665.03296
    160       5378.04541   0.0423   0.1234       4009.35303        640.02234
    170       5327.78613   0.0426   0.1365       4051.95581        646.82312
    180       5198.82422   0.0434   0.1434       4202.95947        670.92816
    190       5296.30811   0.0424   0.1239       4043.63818        645.49530
    200       5242.19971   0.0430   0.1202       4131.72998        659.55762
    210       4851.17822   0.0398   0.1376       3558.22314        568.00739
    220       4810.56934   0.0397   0.1308       3535.89600        564.44330
    230       4774.82715   0.0404   0.1153       3662.78589        584.69897
    240       4775.21582   0.0403   0.1231       3647.24463        582.21814
    250       4716.41553   0.0404   0.1202       3648.87256        582.47797
    260       4832.15869   0.0397   0.1392       3530.49390        563.58093
    270       4795.17432   0.0400   0.1130       3570.03955        569.89368
    280       4775.80078   0.0403   0.1102       3620.42017        577.93604
    290       4783.48926   0.0404   0.1221       3615.61255        577.16858
    300       4747.08398   0.0403   0.1160       3615.63550        577.17224
# Molecular dynamics simulation at 300.00 K
#  Step   Current energy Av shift Mx shift   Kinetic energy    Kinetic temp.
      0       4747.08398   0.0000   0.0000       3132.19238        499.99911
     10       4469.67432   0.0390   0.1114       3409.48950        544.26471
     20       4498.43994   0.0386   0.1172       3338.25000        532.89258
     30       4492.13574   0.0390   0.1376       3434.68677        548.28699
     40       4484.20508   0.0388   0.1336       3381.14380        539.73981
     50       4552.31982   0.0389   0.1056       3376.09937        538.93457
     60       4516.62109   0.0390   0.1180       3400.33838        542.80389
     70       4599.13867   0.0386   0.1141       3336.72314        532.64886
     80       4551.89453   0.0389   0.1082       3382.79321        540.00311
     90       4515.89600   0.0389   0.1046       3366.35352        537.37878
    100       4564.75977   0.0387   0.1105       3358.14404        536.06830
    110       3840.59497   0.0346   0.1003       2687.91846        429.07864
    120       3734.05518   0.0342   0.1048       2633.71558        420.42612
    130       3803.69995   0.0351   0.1005       2728.88623        435.61844
    140       3781.41333   0.0344   0.1095       2640.72046        421.54431
    150       3840.41431   0.0346   0.1200       2696.34766        430.42422
    160       3722.78784   0.0349   0.1084       2717.98999        433.87903
    170       3795.10571   0.0345   0.1106       2658.77637        424.42664
    180       3797.59839   0.0348   0.1229       2707.06567        432.13516
    190       3880.87427   0.0340   0.1144       2578.74390        411.65085
    200       3801.92212   0.0344   0.1028       2674.47681        426.93292
    210       3448.18555   0.0318   0.0870       2257.74414        360.40894
    220       3419.97021   0.0317   0.0880       2257.54541        360.37720
    230       3428.28369   0.0317   0.0986       2254.28418        359.85660
    240       3399.42163   0.0320   0.1031       2296.65332        366.62009
    250       3448.53809   0.0317   0.0962       2244.75586        358.33557
    260       3384.47998   0.0321   0.0941       2297.46680        366.74994
    270       3389.72534   0.0321   0.0966       2293.37012        366.09598
    280       3416.19727   0.0318   0.1036       2274.55835        363.09302
    290       3440.97046   0.0317   0.0895       2252.45996        359.56540
    300       3410.03882   0.0317   0.1007       2242.74854        358.01514
# Conjugate gradients optimization
#  Step   Current energy Av shift Mx shift   Funcs         Gradient
      0       3410.03882   0.0000   0.0000       1      3.30324e+06
     10       1588.71033   0.0173   0.0755      23           132627
     20       1417.78271   0.0085   0.0369      43          14656.7
     30       1353.59998   0.0026   0.0121      64          7073.88
     33       1345.36938   0.0014   0.0096      71          3792.95
