# Conjugate gradients optimization
#  Step   Current energy Av shift Mx shift   Funcs         Gradient
      0      75708.44531   0.0000   0.0000       1      2.31332e+06
     10       4724.79297   0.1228   6.1165      22          20527.8
     20       2595.13208   0.0385   1.6325      42          5412.11
     30       2107.37378   0.0029   0.2172      62          3229.81
     40       2010.71265   0.0076   0.5835      82          5186.11
     50       1448.34692   0.0425   1.6555     102          5230.69
     60       1141.36218   0.0080   0.2890     122          3167.08
     70       1055.36316   0.0023   0.1844     142          280.779
     76       1037.52441   0.0000   0.0004     177          45870.6
# Conjugate gradients optimization
#  Step   Current energy Av shift Mx shift   Funcs         Gradient
      0      10525.37793   0.0000   0.0000       1      4.58666e+06
      1      10525.34570   0.0000   0.0001      15      1.80449e+06
# Conjugate gradients optimization
#  Step   Current energy Av shift Mx shift   Funcs         Gradient
      0      52779.57422   0.0000   0.0000       1      4.51118e+07
     10      46628.43359   0.0734   2.0930      21      1.01174e+07
     20      39541.49219   0.0132   0.5431      41      1.04044e+06
     30      33404.14844   0.0099   0.3951      61      4.70253e+06
     40      31156.25391   0.0071   0.1834      81      1.82901e+06
     50      26688.99219   0.0052   0.2683     101           743329
     60      24288.60547   0.0093   0.3155     121           704159
     70      21194.33398   0.0338   0.6716     142      1.47942e+06
     80      16919.87891   0.0085   0.2666     162           304326
     90      15244.09863   0.0180   0.3408     182           255570
# Conjugate gradients optimization
#  Step   Current energy Av shift Mx shift   Funcs         Gradient
      0      25041.42383   0.0000   0.0000       1      3.12324e+06
     10      21794.38672   0.0178   0.3475      21           581436
     20      19017.72266   0.0245   0.4136      41           790308
     30      13833.27344   0.0452   0.7806      61      1.24372e+06
     40       9636.73145   0.0447   0.6769      81           685230
     50       7660.42236   0.0096   0.2032     102           222334
     60       6616.73193   0.0112   0.2787     122           170982
     70       5738.94385   0.0147   0.4267     142           164820
     80       4909.25195   0.0190   0.4911     162           153975
     90       4188.57568   0.0151   0.2477     182           138008
# Conjugate gradients optimization
#  Step   Current energy Av shift Mx shift   Funcs         Gradient
      0       3942.04736   0.0000   0.0000       1           270505
     10       3588.65503   0.0083   0.1677      21          58848.4
     20       3372.82690   0.0064   0.0998      41          34439.5
     30       3173.86255   0.0086   0.1165      61            35497
     40       3059.24512   0.0030   0.0508      82            13363
     50       2967.94849   0.0073   0.1043     102          26480.7
     60       2820.85645   0.0036   0.0484     123          31709.8
     70       2730.20117   0.0063   0.0762     143          29223.9
     80       2619.51416   0.0075   0.0874     163          22113.1
     90       2479.82422   0.0188   0.1937     183          51628.2
     99       2267.82861   0.0169   0.1660     201          43019.5
# Conjugate gradients optimization
#  Step   Current energy Av shift Mx shift   Funcs         Gradient
      0       3622.87378   0.0000   0.0000       1          74746.3
     10       3279.83008   0.0062   0.1776      21          50163.6
     20       3091.73828   0.0091   0.1893      41          39593.6
     30       2926.89575   0.0065   0.1059      61          33890.5
     40       2773.77466   0.0073   0.1626      81          27676.1
     50       2644.07617   0.0108   0.1283     101          25047.7
     60       2500.17163   0.0142   0.1439     121          25126.7
     70       2376.33032   0.0096   0.1034     141          26348.1
     80       2292.06470   0.0120   0.1322     162          23104.7
     90       2205.58325   0.0011   0.0130     183          3892.59
     99       2172.90308   0.0037   0.0526     201          9383.49
# Conjugate gradients optimization
#  Step   Current energy Av shift Mx shift   Funcs         Gradient
      0       4228.79980   0.0000   0.0000       1          59823.2
     10       3805.21191   0.0045   0.1905      21          49085.6
     20       3502.72363   0.0102   0.1910      41          60338.3
     30       3279.71606   0.0091   0.1313      61          40203.7
     40       3043.92114   0.0094   0.1118      81          34676.5
     50       2856.04517   0.0110   0.1380     101          39717.6
     60       2694.62988   0.0128   0.1507     122          28450.7
     70       2530.74390   0.0145   0.1469     142          32776.6
     80       2409.00659   0.0025   0.0276     163          15141.4
     90       2334.86572   0.0045   0.0453     183          15008.1
     99       2263.64795   0.0056   0.0553     201          15398.6
# Conjugate gradients optimization
#  Step   Current energy Av shift Mx shift   Funcs         Gradient
      0       3220.03052   0.0000   0.0000       1          25961.2
     10       3080.62549   0.0044   0.1363      21            27260
     20       2985.37964   0.0017   0.0281      42          8929.03
     30       2952.17456   0.0011   0.0141      62          5117.48
     33       2946.34521   0.0003   0.0057      68          1811.41
# Conjugate gradients optimization
#  Step   Current energy Av shift Mx shift   Funcs         Gradient
      0       8682.57227   0.0000   0.0000       1           191659
     10       6421.60889   0.0077   0.2506      21           248399
     20       5307.81543   0.0107   0.2341      42           217718
     30       4574.40332   0.0109   0.1742      62           126388
     40       4091.19531   0.0085   0.1182      82          70191.7
     50       3779.12891   0.0134   0.2092     103           126964
     60       3637.33911   0.0067   0.1226     124          57490.9
     70       3564.24902   0.0012   0.0138     145          11275.1
     80       3453.01343   0.0147   0.2033     165          79414.4
     90       3149.23950   0.0111   0.1388     185            47636
     98       3048.40308   0.0035   0.0450     201          34998.4
# Conjugate gradients optimization
#  Step   Current energy Av shift Mx shift   Funcs         Gradient
      0       4634.45020   0.0000   0.0000       1          53587.5
     10       4230.86719   0.0071   0.1468      21          63401.3
     20       3945.30078   0.0085   0.1428      41          54002.3
     30       3735.48853   0.0032   0.0536      62          27096.5
     40       3587.87891   0.0079   0.1277      82          33562.2
     50       3404.38672   0.0169   0.2646     103          48569.3
     60       3069.80347   0.0240   0.2712     123            74907
     70       2749.79321   0.0104   0.1163     144          45238.8
     80       2597.62305   0.0019   0.0292     165          15571.7
     90       2534.74341   0.0027   0.0412     185            11068
     98       2496.50830   0.0013   0.0150     201          5790.81
# Conjugate gradients optimization
#  Step   Current energy Av shift Mx shift   Funcs         Gradient
      0       2234.13306   0.0000   0.0000       1          4620.63
      2       2231.13867   0.0004   0.0095       5          2772.71
# Conjugate gradients optimization
#  Step   Current energy Av shift Mx shift   Funcs         Gradient
      0       9922.41309   0.0000   0.0000       1           278641
     10       6122.05713   0.0086   0.3457      21           328640
     20       4992.94678   0.0081   0.1909      41           137330
     30       4397.05176   0.0094   0.1582      61          89010.5
     40       3964.48438   0.0089   0.1514      81          53330.7
     50       3676.78296   0.0147   0.2363     101            60972
     60       3435.99683   0.0084   0.1148     121          33762.8
     70       3231.90942   0.0177   0.1514     141          32753.6
     80       3106.83911   0.0044   0.0805     162          19621.2
     90       2971.45581   0.0088   0.0597     182          18545.9
# Conjugate gradients optimization
#  Step   Current energy Av shift Mx shift   Funcs         Gradient
      0       3936.68848   0.0000   0.0000       1          64784.4
     10       3638.37085   0.0063   0.0695      21          41538.6
     20       3452.13232   0.0037   0.0411      41          17144.2
     30       3294.84082   0.0099   0.1054      61          28775.3
     40       3152.68604   0.0158   0.1536      82            33777
     50       3005.07715   0.0128   0.1179     102          34679.7
     60       2865.34326   0.0026   0.0328     123          18176.7
     70       2786.13696   0.0058   0.0622     143          18153.7
     80       2698.40161   0.0064   0.0575     163          16514.7
     90       2603.11743   0.0084   0.0895     183          19986.4
     99       2559.43237   0.0019   0.0178     201          6021.35
# Conjugate gradients optimization
#  Step   Current energy Av shift Mx shift   Funcs         Gradient
      0       3764.47412   0.0000   0.0000       1            39451
     10       3336.22949   0.0061   0.1651      21          84187.4
     20       3115.26538   0.0023   0.0599      42          19995.1
     30       3024.28345   0.0060   0.0685      62          22224.2
     40       2846.94800   0.0141   0.1532      82          36904.4
     50       2698.32861   0.0138   0.1553     103          24657.7
     60       2581.25098   0.0167   0.1994     123          19061.2
     70       2464.96631   0.0091   0.1301     143          23695.6
     80       2367.66235   0.0085   0.1125     163          17311.1
     90       2311.97656   0.0019   0.0195     184          7663.39
     97       2294.82373   0.0003   0.0064     199          1465.33
# Conjugate gradients optimization
#  Step   Current energy Av shift Mx shift   Funcs         Gradient
      0       3532.00146   0.0000   0.0000       1          42297.5
     10       3176.73462   0.0055   0.1687      21          44635.8
     20       2975.97144   0.0085   0.1224      41          41821.4
     30       2798.93384   0.0073   0.1269      61          33890.1
     40       2650.80664   0.0084   0.1188      81            33920
     50       2541.79492   0.0011   0.0170     102          11192.2
     60       2478.19824   0.0096   0.1138     122          30465.2
     70       2361.47827   0.0034   0.0333     142          9494.41
     80       2287.62891   0.0097   0.0852     162          19079.8
     90       2229.79883   0.0032   0.0258     183          7449.17
     99       2192.19434   0.0045   0.0354     201           7180.1
# Conjugate gradients optimization
#  Step   Current energy Av shift Mx shift   Funcs         Gradient
      0       2671.85205   0.0000   0.0000       1            16591
     10       2543.81323   0.0094   0.3350      21          23973.5
     20       2473.08594   0.0058   0.1714      41          19875.7
     30       2414.52051   0.0053   0.1563      61          11082.7
     40       2375.19434   0.0037   0.0610      81          7834.52
     50       2355.09546   0.0011   0.0116     101          3964.04
     53       2350.90894   0.0004   0.0094     107          3281.09
# Conjugate gradients optimization
#  Step   Current energy Av shift Mx shift   Funcs         Gradient
      0       7089.59961   0.0000   0.0000       1           195296
     10       4815.41943   0.0176   0.3644      22           503124
     20       3911.71387   0.0104   0.1205      42           103939
     30       3529.77979   0.0117   0.1199      62          61946.8
     40       3278.59961   0.0126   0.1501      82          35087.9
     50       3135.40967   0.0187   0.1644     103          65095.6
     60       2983.60083   0.0045   0.0377     123          15446.4
     70       2849.51685   0.0231   0.1857     143            19669
     80       2730.30786   0.0152   0.1128     163          23052.1
     90       2647.20557   0.0060   0.0607     183          14372.2
     99       2590.04956   0.0066   0.0811     201          10744.4
# Conjugate gradients optimization
#  Step   Current energy Av shift Mx shift   Funcs         Gradient
      0       7514.51025   0.0000   0.0000       1           157225
     10       5774.62500   0.0147   0.3298      21           226136
     20       5020.12354   0.0144   0.1348      41           107514
     30       4635.11865   0.0060   0.0979      62          47285.3
     40       4386.69482   0.0134   0.0971      82          56082.8
     50       3983.26392   0.0237   0.1433     102          88786.1
     60       3523.79639   0.0113   0.0614     123          56036.3
     70       3282.24048   0.0162   0.0774     143          41905.4
     80       3042.58325   0.0208   0.1122     163          41648.7
     90       2880.08203   0.0040   0.0336     184            18660
     99       2796.45361   0.0072   0.0641     201          18655.4
# Conjugate gradients optimization
#  Step   Current energy Av shift Mx shift   Funcs         Gradient
      0       3685.00244   0.0000   0.0000       1          49965.2
     10       3349.41968   0.0083   0.0944      21          53257.9
     20       3111.67505   0.0102   0.0987      41          34253.2
     30       2925.76294   0.0101   0.1202      61          34485.5
     40       2779.18848   0.0098   0.1006      81          25609.4
     50       2663.98730   0.0166   0.1387     101          21908.6
     60       2571.97119   0.0136   0.1037     121          15603.8
     70       2490.81421   0.0140   0.1101     141          24008.4
     80       2440.77686   0.0048   0.0336     161          7154.07
     90       2391.69263   0.0031   0.0190     181          5417.69
# Conjugate gradients optimization
#  Step   Current energy Av shift Mx shift   Funcs         Gradient
      0       2602.19629   0.0000   0.0000       1          34263.4
     10       2474.97119   0.0033   0.0579      21          15714.8
     20       2419.52979   0.0043   0.0493      41          10520.9
     30       2378.69482   0.0029   0.0251      61          6634.31
     35       2366.06714   0.0004   0.0057      72          2084.73
# Conjugate gradients optimization
#  Step   Current energy Av shift Mx shift   Funcs         Gradient
      0       4106.73340   0.0000   0.0000       1          98309.6
     10       3224.48364   0.0059   0.1218      21          82205.4
     20       2924.38892   0.0067   0.0996      41          38717.9
     30       2791.83350   0.0010   0.0112      62          6498.09
     40       2740.42896   0.0040   0.0351      82          11496.4
     50       2687.04810   0.0010   0.0142     103          6055.06
     60       2662.96729   0.0013   0.0123     123          4234.76
     61       2661.43262   0.0012   0.0097     125          5299.59
# Conjugate gradients optimization
#  Step   Current energy Av shift Mx shift   Funcs         Gradient
      0      10272.33008   0.0000   0.0000       1           299667
     10       6162.93457   0.0092   0.3604      21           332436
     20       4976.16113   0.0135   0.3327      42           132941
     30       4343.97656   0.0139   0.2905      62           119193
     40       4003.49243   0.0024   0.0702      83          27004.7
     50       3862.37354   0.0015   0.0351     104          20187.8
     60       3766.96753   0.0078   0.1117     124          28419.2
     70       3446.16211   0.0191   0.2154     144          70511.6
     80       3217.76953   0.0094   0.1003     164            26394
     90       3111.27588   0.0142   0.1439     184          27511.6
     99       2951.82690   0.0179   0.2045     201          36375.7
# Conjugate gradients optimization
#  Step   Current energy Av shift Mx shift   Funcs         Gradient
      0       4125.77344   0.0000   0.0000       1          98296.1
     10       3684.06030   0.0083   0.1202      21          52818.7
     20       3451.53931   0.0081   0.0850      41          36731.5
     30       3320.47729   0.0039   0.0372      63          23959.6
     40       3215.26709   0.0091   0.0759      83          23473.5
     50       3100.04443   0.0104   0.0800     103          24120.4
     60       2976.47510   0.0145   0.1180     123          29778.2
     70       2862.70435   0.0137   0.1165     143          19861.4
     77       2799.54761   0.0017   0.0098     158          7833.96
# Conjugate gradients optimization
#  Step   Current energy Av shift Mx shift   Funcs         Gradient
      0       5278.81641   0.0000   0.0000       1           180993
     10       3825.73340   0.0033   0.0540      22          65133.4
     20       3369.61133   0.0097   0.1095      42          35429.5
     30       3155.31079   0.0120   0.1310      62          43730.8
     40       3061.57690   0.0044   0.0519      83          16526.1
     50       2981.02441   0.0086   0.1102     103          21991.4
     57       2926.63965   0.0007   0.0079     118          4124.86
# Conjugate gradients optimization
#  Step   Current energy Av shift Mx shift   Funcs         Gradient
      0       3695.94971   0.0000   0.0000       1           101020
     10       3197.01050   0.0062   0.0693      21          29601.9
     20       3080.46484   0.0032   0.0334      41          8090.55
     30       2994.10840   0.0069   0.0740      61          16261.7
     40       2942.06177   0.0043   0.0312      82          9570.27
     50       2872.88110   0.0106   0.0818     102          17206.6
     60       2799.77393   0.0087   0.0500     122          15087.9
     70       2712.22266   0.0201   0.1195     142          23601.4
     80       2617.17310   0.0124   0.0722     162            15020
     90       2543.65063   0.0118   0.0662     182          14643.2
     95       2511.00684   0.0012   0.0081     193          5355.59
# Conjugate gradients optimization
#  Step   Current energy Av shift Mx shift   Funcs         Gradient
      0       2709.24048   0.0000   0.0000       1            87046
     10       2562.19873   0.0027   0.0278      21          7315.19
     20       2529.91846   0.0060   0.0506      41          6915.17
     30       2493.24072   0.0080   0.0648      61          10022.4
     40       2457.88281   0.0055   0.0333      81          5438.73
     50       2429.64502   0.0052   0.0316     101          7173.23
     55       2419.33496   0.0011   0.0086     111          2772.16
# Conjugate gradients optimization
#  Step   Current energy Av shift Mx shift   Funcs         Gradient
      0       2440.95679   0.0000   0.0000       1          13381.1
      4       2431.70972   0.0003   0.0076       9           1552.8
# Molecular dynamics simulation at 150.00 K
#  Step   Current energy Av shift Mx shift   Kinetic energy    Kinetic temp.
      0       2431.70972   0.0000   0.0000       1114.17798        147.66565
     10       3097.47217   0.0152   0.0424        630.07642         83.50609
     20       3235.92627   0.0190   0.0554        980.29340        129.92149
     30       3365.83325   0.0191   0.0621        985.74982        130.64465
     40       3348.13208   0.0205   0.0608       1143.83936        151.59677
     50       3390.42993   0.0199   0.0565       1080.31592        143.17780
# Molecular dynamics simulation at 400.00 K
#  Step   Current energy Av shift Mx shift   Kinetic energy    Kinetic temp.
      0       3390.42993   0.0000   0.0000       1131.79089        149.99995
     10       3368.60596   0.0209   0.0619       1194.51953        158.31358
     20       4094.34106   0.0288   0.0921       2253.85278        298.71048
     30       4422.52783   0.0325   0.1018       2908.45483        385.46704
     40       4374.22168   0.0322   0.0969       2841.88647        376.64450
     50       4446.74268   0.0334   0.1247       3084.94702        408.85812
# Molecular dynamics simulation at 1000.00 K
#  Step   Current energy Av shift Mx shift   Kinetic energy    Kinetic temp.
      0       4446.74268   0.0000   0.0000       3018.10791        399.99973
     10       4329.70215   0.0330   0.1004       3006.71948        398.49036
     20       6046.98096   0.0470   0.1475       6179.97119        819.05182
     30       6266.43799   0.0507   0.1670       7255.19189        961.55432
     40       6721.03516   0.0501   0.1753       7094.91064        940.31171
     50       6798.28955   0.0512   0.1793       7436.07275        985.52704
# Molecular dynamics simulation at 1000.00 K
#  Step   Current energy Av shift Mx shift   Kinetic energy    Kinetic temp.
      0       6798.28955   0.0000   0.0000       7545.27637       1000.00018
     10       6702.97705   0.0510   0.1809       7440.25635        986.08148
     20       6832.48291   0.0518   0.1992       7593.52539       1006.39478
     30       6764.73926   0.0511   0.1725       7437.54004        985.72150
     40       7107.06104   0.0502   0.1656       7146.96387        947.21051
     50       7010.23975   0.0503   0.1842       7172.91211        950.64948
     60       7157.81738   0.0501   0.1890       7088.49072        939.46088
     70       7178.11182   0.0494   0.1925       6957.40576        922.08777
     80       7160.56396   0.0497   0.1817       7035.39404        932.42377
     90       7374.52734   0.0492   0.1965       6872.27539        910.80511
    100       7284.64062   0.0490   0.1902       6857.42578        908.83704
    110       7522.02100   0.0504   0.2065       7302.06104        967.76605
    120       7534.98682   0.0506   0.1990       7352.73877        974.48254
    130       7528.99951   0.0507   0.2255       7332.37939        971.78424
    140       7512.85498   0.0507   0.1956       7378.97705        977.95996
    150       7586.49365   0.0504   0.2314       7316.15869        969.63446
    160       7696.08691   0.0505   0.2407       7308.16895        968.57556
    170       7594.59961   0.0507   0.1867       7340.37256        972.84357
    180       7748.27930   0.0504   0.1859       7223.45850        957.34857
    190       7660.80029   0.0509   0.1772       7349.19531        974.01288
    200       7678.61768   0.0503   0.1778       7184.38281        952.16974
    210       7810.36816   0.0515   0.1744       7540.03906        999.30603
    220       7926.98340   0.0513   0.1897       7331.15137        971.62146
    230       7869.04688   0.0516   0.1820       7508.06250        995.06805
    240       7836.50293   0.0515   0.1762       7438.91211        985.90332
    250       7856.99951   0.0514   0.1845       7487.43750        992.33459
    260       7797.25488   0.0517   0.1982       7480.18506        991.37341
    270       7861.84766   0.0513   0.1748       7329.49561        971.40204
    280       7836.07031   0.0517   0.2099       7449.02295        987.24335
    290       7829.19238   0.0519   0.2164       7524.03223        997.18457
    300       7788.12646   0.0516   0.1801       7489.80664        992.64856
# Molecular dynamics simulation at 800.00 K
#  Step   Current energy Av shift Mx shift   Kinetic energy    Kinetic temp.
      0       7788.12646   0.0000   0.0000       7545.27100        999.99945
     10       7963.56641   0.0516   0.2106       7505.55811        994.73615
     20       7844.18994   0.0516   0.2052       7467.18604        989.65057
     30       7900.85254   0.0519   0.1989       7514.02539        995.85834
     40       7952.74365   0.0517   0.2287       7535.71289        998.73267
     50       7949.24170   0.0515   0.2251       7461.77393        988.93329
     60       7986.57910   0.0517   0.2137       7514.38477        995.90601
     70       8073.76270   0.0512   0.1948       7324.97900        970.80341
     80       8104.21875   0.0512   0.1818       7273.13721        963.93268
     90       8088.37695   0.0510   0.1898       7313.58643        969.29352
    100       8161.39941   0.0509   0.1913       7233.00098        958.61328
    110       7634.30811   0.0486   0.1878       6593.83740        873.90283
    120       7664.35205   0.0484   0.1817       6535.88770        866.22260
    130       7619.97070   0.0485   0.1751       6615.89307        876.82593
    140       7473.06787   0.0489   0.1828       6692.80225        887.01898
    150       7602.26514   0.0485   0.1728       6613.94775        876.56812
    160       7722.64209   0.0487   0.1913       6571.31641        870.91803
    170       7641.59424   0.0488   0.1872       6608.61816        875.86176
    180       7779.05859   0.0481   0.1589       6418.20508        850.62573
    190       7743.14014   0.0480   0.1734       6420.17969        850.88739
    200       7597.08350   0.0488   0.2109       6602.52539        875.05426
    210       7382.13330   0.0474   0.1767       6212.95898        823.42377
    220       7548.07715   0.0468   0.2067       6154.17285        815.63263
    230       7386.61328   0.0475   0.1662       6287.77197        833.33899
    240       7447.68701   0.0469   0.1852       6128.50977        812.23145
    250       7395.85742   0.0477   0.1753       6356.90039        842.50079
    260       7318.68799   0.0477   0.1666       6313.81543        836.79059
    270       7394.51221   0.0474   0.1607       6279.31787        832.21851
    280       7425.19922   0.0472   0.1605       6233.51270        826.14783
    290       7374.88086   0.0476   0.1629       6309.89648        836.27124
    300       7307.49072   0.0480   0.1583       6438.41602        853.30432
# Molecular dynamics simulation at 500.00 K
#  Step   Current energy Av shift Mx shift   Kinetic energy    Kinetic temp.
      0       7307.49072   0.0000   0.0000       6036.22119        800.00012
     10       7269.87598   0.0464   0.1767       6032.85498        799.55402
     20       7260.78418   0.0469   0.1664       6074.68213        805.09747
     30       7122.04980   0.0469   0.1690       6131.65332        812.64807
     40       7200.10498   0.0467   0.1692       6063.83740        803.66022
     50       7114.61377   0.0471   0.1747       6132.13965        812.71252
     60       7207.11035   0.0472   0.1780       6171.65039        817.94904
     70       7158.29834   0.0472   0.1502       6182.92188        819.44287
     80       7205.42920   0.0467   0.1340       6022.94629        798.24078
     90       7258.35449   0.0467   0.1570       6062.85400        803.52985
    100       7173.09473   0.0469   0.1990       6162.59082        816.74829
    110       6231.20752   0.0415   0.1486       4729.21826        626.77875
    120       6215.77100   0.0411   0.1317       4641.72461        615.18292
    130       6185.31885   0.0418   0.1672       4810.14551        637.50433
    140       6213.31738   0.0412   0.1279       4706.73340        623.79877
    150       6173.67041   0.0419   0.1623       4796.96533        635.75751
    160       6170.03906   0.0418   0.1572       4822.46436        639.13696
    170       6186.68945   0.0414   0.1292       4726.91309        626.47327
    180       6156.94287   0.0417   0.1561       4797.55518        635.83569
    190       6301.86279   0.0412   0.1447       4684.87695        620.90204
    200       6138.69287   0.0419   0.1584       4832.57275        640.47668
    210       5710.66992   0.0390   0.1355       4194.12207        555.86072
    220       5666.76221   0.0392   0.1225       4226.87061        560.20099
    230       5808.31934   0.0388   0.1291       4145.26221        549.38513
    240       5662.76807   0.0393   0.1297       4258.30273        564.36676
    250       5706.57617   0.0392   0.1258       4228.36230        560.39868
    260       5783.13184   0.0392   0.1258       4196.20068        556.13617
    270       5735.44434   0.0388   0.1221       4131.42627        547.55145
    280       5670.06689   0.0392   0.1427       4253.50000        563.73029
    290       5725.11572   0.0392   0.1414       4233.83350        561.12378
    300       5719.98340   0.0392   0.1373       4214.85742        558.60883
# Molecular dynamics simulation at 300.00 K
#  Step   Current energy Av shift Mx shift   Kinetic energy    Kinetic temp.
      0       5719.98340   0.0000   0.0000       3772.63550        499.99973
     10       5489.10254   0.0383   0.1339       4043.11157        535.84680
     20       5416.57764   0.0383   0.1330       4053.47900        537.22083
     30       5550.16943   0.0381   0.1182       3986.57788        528.35419
     40       5507.39355   0.0379   0.1415       3967.64307        525.84473
     50       5475.12598   0.0382   0.1293       4014.46338        532.04999
     60       5526.95947   0.0377   0.1201       3925.08325        520.20410
     70       5480.41992   0.0384   0.1430       4033.45386        534.56683
     80       5456.64551   0.0381   0.1310       3979.89526        527.46851
     90       5524.02734   0.0379   0.1238       3939.94800        522.17419
    100       5408.71094   0.0384   0.1361       4067.52759        539.08276
    110       4658.77393   0.0334   0.1248       3064.03467        406.08655
    120       4662.10742   0.0329   0.1229       2995.64966        397.02325
    130       4651.14990   0.0336   0.1114       3104.01660        411.38547
    140       4571.51221   0.0334   0.1074       3093.13403        409.94318
    150       4654.31494   0.0334   0.1146       3069.30298        406.78476
    160       4694.17285   0.0330   0.1123       2989.65283        396.22845
    170       4680.37500   0.0331   0.1092       3021.88403        400.50018
    180       4656.87793   0.0335   0.1058       3062.72803        405.91336
    190       4663.89844   0.0333   0.1173       3060.12915        405.56894
    200       4679.39551   0.0333   0.1068       3051.55981        404.43320
    210       4281.67822   0.0310   0.1205       2667.07251        353.47583
    220       4302.58252   0.0310   0.1057       2630.49463        348.62805
    230       4248.33496   0.0313   0.0951       2672.21777        354.15778
    240       4251.63086   0.0310   0.1060       2656.50586        352.07541
    250       4352.72900   0.0308   0.1228       2616.02002        346.70969
    260       4306.80908   0.0308   0.0976       2621.50024        347.43600
    270       4296.24365   0.0307   0.1019       2617.00684        346.84048
    280       4268.40674   0.0312   0.0961       2675.78906        354.63107
    290       4256.76025   0.0312   0.0985       2652.85620        351.59171
    300       4277.83008   0.0312   0.1031       2686.50317        356.05106
# Conjugate gradients optimization
#  Step   Current energy Av shift Mx shift   Funcs         Gradient
      0       4277.83008   0.0000   0.0000       1      3.88722e+06
     10       2143.19165   0.0108   0.0367      21          58494.8
     20       1961.55774   0.0057   0.0282      41          22678.1
     30       1878.22534   0.0053   0.0246      61          12357.4
     36       1852.29236   0.0009   0.0068      74          3354.71
