# Conjugate gradients optimization
#  Step   Current energy Av shift Mx shift   Funcs         Gradient
      0      17369.79492   0.0000   0.0000       1           600260
     10        704.20459   0.0549   1.6092      21          4339.83
     20        317.99280   0.0418   1.4896      41          725.224
     30        236.33360   0.0062   0.2341      61           297.58
     40        161.32187   0.0096   0.3853      81          170.157
     50        121.31201   0.0065   0.2259     101          120.922
     60         88.17944   0.0385   1.5130     123          190.162
     70         49.61531   0.0222   0.5162     143          72.4127
     80         31.38630   0.0135   0.5131     163          28.4165
     90         21.32054   0.0118   0.3365     183          13.1602
     99         15.66066   0.0039   0.1138     201          6.50704
# Conjugate gradients optimization
#  Step   Current energy Av shift Mx shift   Funcs         Gradient
      0        188.18478   0.0000   0.0000       1          696.367
     10        172.70338   0.0086   0.1194      21          573.999
     20        156.23097   0.0029   0.0506      42          190.982
     30        145.26830   0.0111   0.1824      62          300.152
     40        127.27413   0.0099   0.1395      82          274.949
     50        116.93927   0.0065   0.0954     103          142.897
     60        110.79076   0.0075   0.0937     124          100.168
     70        106.85739   0.0021   0.0336     145          66.1269
     80        103.08149   0.0055   0.0744     165          102.605
     90         99.14996   0.0143   0.1950     185          59.7994
     98         96.66669   0.0068   0.0893     201           53.054
# Conjugate gradients optimization
#  Step   Current energy Av shift Mx shift   Funcs         Gradient
      0        550.72260   0.0000   0.0000       1          1717.19
      1        549.68896   0.0008   0.0097       3          1294.72
# Conjugate gradients optimization
#  Step   Current energy Av shift Mx shift   Funcs         Gradient
      0       1258.72742   0.0000   0.0000       1          7363.96
      1       1256.34778   0.0008   0.0095       3          8246.59
# Conjugate gradients optimization
#  Step   Current energy Av shift Mx shift   Funcs         Gradient
      0       1421.08398   0.0000   0.0000       1          11094.5
     10       1291.98926   0.0049   0.0564      21          16818.5
     20       1219.14734   0.0053   0.0553      41          14074.5
     30       1183.31958   0.0031   0.0358      62          6653.69
     40       1157.87439   0.0023   0.0231      82          5255.77
     50       1122.18433   0.0015   0.0174     102          4290.58
     57       1110.80518   0.0012   0.0098     116          2712.23
# Conjugate gradients optimization
#  Step   Current energy Av shift Mx shift   Funcs         Gradient
      0       1709.48718   0.0000   0.0000       1          14230.1
     10       1509.98547   0.0057   0.1408      21          31252.3
     20       1379.05762   0.0062   0.1313      41          20187.7
     30       1273.15906   0.0050   0.0833      61          16388.2
     40       1224.01257   0.0040   0.0640      81          7926.38
     50       1188.59216   0.0021   0.0317     101          3577.34
     60       1162.99487   0.0033   0.0397     121          4841.47
     70       1139.04810   0.0053   0.0805     141          5506.15
     80       1117.86987   0.0029   0.0277     161          4137.31
     90       1095.30054   0.0054   0.0580     181          4072.34
     94       1089.02136   0.0005   0.0054     189          2310.76
# Conjugate gradients optimization
#  Step   Current energy Av shift Mx shift   Funcs         Gradient
      0       1883.29944   0.0000   0.0000       1          18142.5
     10       1660.59216   0.0076   0.2863      21          78784.5
     20       1495.16162   0.0063   0.1406      41          21889.9
     30       1414.61377   0.0035   0.0586      61          9262.45
     40       1362.85950   0.0057   0.0937      81          10195.4
     50       1307.63794   0.0074   0.1076     101          10657.4
     60       1267.58618   0.0013   0.0186     122          4539.73
     65       1258.28479   0.0008   0.0090     132           2614.7
# Conjugate gradients optimization
#  Step   Current energy Av shift Mx shift   Funcs         Gradient
      0       1538.10779   0.0000   0.0000       1          5879.54
     10       1480.34558   0.0052   0.1438      21          21305.3
     20       1416.75330   0.0024   0.0616      41          10189.9
     30       1357.50757   0.0046   0.0850      61          11557.3
     40       1295.33142   0.0066   0.1056      81          10681.6
     50       1249.37146   0.0030   0.0484     101          6963.84
     60       1198.44739   0.0108   0.1929     121          14302.5
     70       1149.82764   0.0104   0.2010     141          11902.5
     80       1111.15332   0.0021   0.0302     161           4377.6
     85       1102.40063   0.0008   0.0093     172          1967.67
# Conjugate gradients optimization
#  Step   Current energy Av shift Mx shift   Funcs         Gradient
      0       1432.49988   0.0000   0.0000       1          7057.19
     10       1348.93860   0.0012   0.0196      21          8011.05
     20       1288.12769   0.0026   0.0506      41          6311.98
     30       1250.43201   0.0040   0.1093      61          10061.8
     40       1211.23987   0.0031   0.0873      81          4030.05
     50       1186.10327   0.0018   0.0355     101          4135.26
     60       1152.08813   0.0041   0.1115     121          4963.76
     70       1134.02576   0.0014   0.0232     141          2810.64
     80       1119.32019   0.0021   0.0268     161          3700.51
     88       1111.56213   0.0002   0.0050     177          644.121
# Conjugate gradients optimization
#  Step   Current energy Av shift Mx shift   Funcs         Gradient
      0       1403.75952   0.0000   0.0000       1          2728.56
     10       1351.35486   0.0047   0.1452      21          10472.7
     20       1304.51843   0.0036   0.1072      41          7831.82
     30       1263.03137   0.0030   0.0885      61          6548.03
     40       1233.79651   0.0025   0.0587      81          5201.11
     50       1207.19568   0.0040   0.1050     101          7064.78
     60       1180.59741   0.0035   0.1074     121          6671.04
# Conjugate gradients optimization
#  Step   Current energy Av shift Mx shift   Funcs         Gradient
      0       1091.92151   0.0000   0.0000       1          1831.69
      1       1091.37085   0.0003   0.0041       3          2248.19
# Conjugate gradients optimization
#  Step   Current energy Av shift Mx shift   Funcs         Gradient
      0       3692.60522   0.0000   0.0000       1          75865.2
     10       2638.38159   0.0096   0.2028      21           114546
     20       2209.90186   0.0118   0.1483      41          63728.9
     30       1986.44482   0.0069   0.1002      62            53483
     40       1818.90613   0.0113   0.1076      82            37657
     50       1622.78564   0.0131   0.1468     102          42662.5
     60       1378.00586   0.0102   0.1214     122            26521
     70       1287.84570   0.0050   0.0475     143          13022.8
     80       1227.71106   0.0066   0.0607     163          10875.7
     90       1175.12122   0.0082   0.0869     184          9643.99
     98       1149.94739   0.0017   0.0167     201          4445.59
# Conjugate gradients optimization
#  Step   Current energy Av shift Mx shift   Funcs         Gradient
      0       1241.27917   0.0000   0.0000       1          7578.29
      1       1239.34338   0.0006   0.0097       3          5434.72
# Conjugate gradients optimization
#  Step   Current energy Av shift Mx shift   Funcs         Gradient
      0       1460.50281   0.0000   0.0000       1          13782.9
     10       1304.91284   0.0033   0.0525      21          13535.2
     20       1241.85852   0.0012   0.0149      42          5475.92
     23       1235.45618   0.0009   0.0091      48          4038.78
# Conjugate gradients optimization
#  Step   Current energy Av shift Mx shift   Funcs         Gradient
      0       1466.76733   0.0000   0.0000       1          10563.8
     10       1351.87830   0.0052   0.0655      21          16502.6
     20       1269.09851   0.0058   0.0555      41          13241.8
     30       1216.96985   0.0051   0.0351      61          8878.02
     40       1181.40344   0.0049   0.0504      81          6317.84
     50       1156.56921   0.0033   0.0333     101          4865.87
     60       1136.94360   0.0026   0.0212     121          3675.07
     65       1131.10974   0.0003   0.0036     131          1043.98
# Conjugate gradients optimization
#  Step   Current energy Av shift Mx shift   Funcs         Gradient
      0       1248.35608   0.0000   0.0000       1          3764.27
     10       1205.43970   0.0069   0.0931      21          14268.5
     15       1194.09570   0.0005   0.0069      32          2428.04
# Conjugate gradients optimization
#  Step   Current energy Av shift Mx shift   Funcs         Gradient
      0       1444.37866   0.0000   0.0000       1          9904.46
     10       1319.82483   0.0056   0.0594      21          16419.3
     20       1246.75781   0.0086   0.0917      41          20062.8
     30       1199.66919   0.0054   0.0551      61          7962.38
     40       1168.35144   0.0042   0.0380      81          4447.74
     50       1147.65991   0.0021   0.0179     101          4111.81
     60       1128.88452   0.0067   0.0659     121          6487.73
     70       1117.60132   0.0014   0.0295     141          2595.65
     80       1099.20020   0.0062   0.1210     161          5038.35
     90       1088.65063   0.0020   0.0293     181          1731.16
# Conjugate gradients optimization
#  Step   Current energy Av shift Mx shift   Funcs         Gradient
      0       1105.68884   0.0000   0.0000       1          3739.65
      1       1104.72815   0.0003   0.0051       3          1744.38
# Conjugate gradients optimization
#  Step   Current energy Av shift Mx shift   Funcs         Gradient
      0       1123.45801   0.0000   0.0000       1          2156.95
      1       1122.80347   0.0003   0.0043       3          2269.52
# Conjugate gradients optimization
#  Step   Current energy Av shift Mx shift   Funcs         Gradient
      0       1194.90222   0.0000   0.0000       1          5842.17
     10       1149.94714   0.0061   0.1168      21          16119.1
     20       1119.11719   0.0014   0.0192      41          2534.77
     24       1114.44629   0.0004   0.0078      49           1406.7
# Conjugate gradients optimization
#  Step   Current energy Av shift Mx shift   Funcs         Gradient
      0       1146.46729   0.0000   0.0000       1             2747
      1       1145.45422   0.0005   0.0085       3          3746.84
# Conjugate gradients optimization
#  Step   Current energy Av shift Mx shift   Funcs         Gradient
      0       1297.68762   0.0000   0.0000       1          11001.4
      4       1276.64819   0.0006   0.0086      10          4732.47
# Conjugate gradients optimization
#  Step   Current energy Av shift Mx shift   Funcs         Gradient
      0       1386.46155   0.0000   0.0000       1          9488.42
     10       1238.68250   0.0053   0.0541      21          13486.7
     20       1177.47278   0.0058   0.0366      41          10338.8
     30       1146.14307   0.0035   0.0245      61          4766.75
     40       1126.34607   0.0043   0.0243      81          4502.29
     42       1123.53601   0.0016   0.0097      85          2000.79
# Conjugate gradients optimization
#  Step   Current energy Av shift Mx shift   Funcs         Gradient
      0       1193.66382   0.0000   0.0000       1          8409.02
     10       1147.55835   0.0021   0.0320      21          3886.21
     14       1142.68127   0.0003   0.0036      29          796.127
# Conjugate gradients optimization
#  Step   Current energy Av shift Mx shift   Funcs         Gradient
      0       1182.75171   0.0000   0.0000       1          15704.4
     10       1147.08228   0.0019   0.0215      21          3174.29
     16       1140.66455   0.0003   0.0043      33          666.427
# Conjugate gradients optimization
#  Step   Current energy Av shift Mx shift   Funcs         Gradient
      0       1143.94849   0.0000   0.0000       1          2402.41
      2       1142.10632   0.0004   0.0076       5          1549.08
# Molecular dynamics simulation at 150.00 K
#  Step   Current energy Av shift Mx shift   Kinetic energy    Kinetic temp.
      0       1142.10632   0.0000   0.0000       1004.25055        156.66064
     10       1732.76941   0.0158   0.0481        578.15234         90.19036
     20       1854.92773   0.0187   0.0652        803.30841        125.31416
     30       1960.56018   0.0193   0.0590        860.59412        134.25060
     40       1990.14880   0.0200   0.0608        926.62817        144.55174
     50       2061.60571   0.0195   0.0598        885.86133        138.19221
# Molecular dynamics simulation at 400.00 K
#  Step   Current energy Av shift Mx shift   Kinetic energy    Kinetic temp.
      0       2061.60571   0.0000   0.0000        961.55334        149.99998
     10       2028.56946   0.0212   0.0638       1026.19409        160.08379
     20       2779.52661   0.0279   0.0932       1808.36108        282.09995
     30       3119.81274   0.0322   0.1053       2413.74951        376.53906
     40       3108.99756   0.0317   0.1120       2333.94116        364.08917
     50       3332.98706   0.0329   0.1250       2513.75635        392.13989
# Molecular dynamics simulation at 1000.00 K
#  Step   Current energy Av shift Mx shift   Kinetic energy    Kinetic temp.
      0       3332.98706   0.0000   0.0000       2564.14014        399.99963
     10       3330.90381   0.0319   0.1037       2390.36719        372.89148
     20       5087.89062   0.0460   0.1723       5026.94580        784.19135
     30       5822.80078   0.0486   0.1984       5579.94629        870.45807
     40       6387.84082   0.0506   0.1643       5961.42090        929.96722
     50       6572.54785   0.0509   0.1763       6054.26611        944.45081
# Molecular dynamics simulation at 1000.00 K
#  Step   Current energy Av shift Mx shift   Kinetic energy    Kinetic temp.
      0       6572.54785   0.0000   0.0000       6410.34912        999.99890
     10       6729.00244   0.0515   0.1703       6207.66504        968.38068
     20       6848.95654   0.0523   0.1927       6328.65234        987.25439
     30       6945.04150   0.0514   0.1752       6084.19678        949.11993
     40       7193.20264   0.0504   0.1807       5925.38867        924.34625
     50       6924.41406   0.0507   0.1637       5973.38770        931.83398
     60       7066.69238   0.0508   0.1819       5976.66650        932.34546
     70       7015.22314   0.0505   0.1517       5885.94580        918.19330
     80       7030.81250   0.0513   0.1460       6009.36475        937.44635
     90       6949.35986   0.0509   0.1599       5935.80127        925.97058
    100       6845.81104   0.0515   0.1572       6100.57861        951.67548
    110       7092.70654   0.0519   0.1779       6197.90625        966.85834
    120       7064.63135   0.0519   0.2030       6203.73389        967.76746
    130       7056.23535   0.0518   0.1974       6231.54004        972.10516
    140       7022.05518   0.0520   0.1686       6247.67334        974.62189
    150       6949.80029   0.0525   0.1599       6351.80957        990.86688
    160       7040.58252   0.0523   0.1705       6312.25439        984.69635
    170       6903.92822   0.0522   0.1850       6328.15234        987.17639
    180       6922.22705   0.0528   0.2298       6442.10498       1004.95276
    190       6971.84375   0.0529   0.1649       6381.20850        995.45306
    200       7003.20068   0.0523   0.2163       6322.56885        986.30542
    210       6904.20410   0.0529   0.1704       6471.93506       1009.60620
    220       7067.41650   0.0523   0.1454       6288.27197        980.95520
    230       6947.85693   0.0532   0.1601       6533.48877       1019.20844
    240       7081.07959   0.0521   0.1576       6229.57812        971.79907
    250       6931.49414   0.0529   0.1589       6456.20850       1007.15289
    260       6977.48779   0.0526   0.1756       6374.02148        994.33191
    270       6966.34131   0.0524   0.1400       6300.53857        982.86871
    280       7213.56299   0.0519   0.1803       6193.26074        966.13367
    290       6966.44092   0.0529   0.1391       6365.42139        992.99030
    300       6995.24707   0.0522   0.1860       6309.21924        984.22290
# Molecular dynamics simulation at 800.00 K
#  Step   Current energy Av shift Mx shift   Kinetic energy    Kinetic temp.
      0       6995.24707   0.0000   0.0000       6410.35547        999.99994
     10       7355.36572   0.0521   0.1398       6249.82129        974.95697
     20       7016.13379   0.0531   0.1473       6471.79443       1009.58423
     30       7044.06689   0.0525   0.1496       6362.07666        992.46851
     40       7174.28906   0.0527   0.1498       6360.77539        992.26556
     50       7206.79395   0.0523   0.1455       6324.35498        986.58405
     60       7238.47021   0.0520   0.1588       6201.06006        967.35034
     70       7102.83594   0.0528   0.1696       6375.86377        994.61926
     80       7241.09570   0.0525   0.1607       6308.05469        984.04126
     90       7129.12939   0.0524   0.1496       6253.85693        975.58655
    100       7117.34961   0.0531   0.1408       6420.49561       1001.58173
    110       6600.92285   0.0497   0.1443       5616.80615        876.20813
    120       6590.97900   0.0495   0.1680       5557.93018        867.02362
    130       6495.60889   0.0501   0.1608       5751.25537        897.18188
    140       6422.14551   0.0504   0.1372       5793.15039        903.71741
    150       6527.11768   0.0502   0.1380       5759.31592        898.43933
    160       6443.25439   0.0504   0.1473       5770.89648        900.24585
    170       6673.83887   0.0498   0.1450       5641.15771        880.00690
    180       6433.88428   0.0497   0.1298       5661.71191        883.21332
    190       6630.46826   0.0498   0.1386       5620.40186        876.76904
    200       6590.63721   0.0495   0.1469       5562.36279        867.71509
    210       6365.05420   0.0487   0.1363       5431.91650        847.36578
    220       6401.30029   0.0483   0.1293       5301.42725        827.00983
    230       6477.24561   0.0484   0.1278       5338.04932        832.72278
    240       6376.34229   0.0487   0.1558       5460.62256        851.84387
    250       6353.94824   0.0484   0.1414       5361.94092        836.44977
    260       6324.86865   0.0489   0.1523       5485.06250        855.65643
    270       6228.07959   0.0490   0.1751       5519.19531        860.98108
    280       6351.70996   0.0488   0.1657       5501.41650        858.20764
    290       6306.83008   0.0483   0.1515       5385.83643        840.17743
    300       6288.45410   0.0488   0.1592       5472.60400        853.71295
# Molecular dynamics simulation at 500.00 K
#  Step   Current energy Av shift Mx shift   Kinetic energy    Kinetic temp.
      0       6288.45410   0.0000   0.0000       5128.28076        799.99939
     10       5947.89648   0.0492   0.1914       5511.73975        859.81805
     20       6196.53516   0.0477   0.1382       5193.99121        810.25006
     30       6172.29932   0.0484   0.1321       5348.51318        834.35510
     40       6142.03809   0.0479   0.1406       5268.28467        821.83966
     50       6053.03809   0.0483   0.1480       5335.01270        832.24902
     60       6198.24316   0.0476   0.1626       5179.71143        808.02240
     70       6073.20703   0.0484   0.1480       5373.25293        838.21442
     80       6232.04785   0.0479   0.1221       5200.25342        811.22693
     90       6238.30273   0.0478   0.1540       5236.85596        816.93683
    100       6207.41455   0.0481   0.1349       5247.43945        818.58783
    110       5230.06396   0.0431   0.1262       4208.74951        656.55475
    120       5200.72900   0.0424   0.1180       4129.48535        644.18970
    130       5217.03564   0.0432   0.1166       4267.57959        665.73206
    140       5136.92480   0.0433   0.1220       4257.72607        664.19495
    150       5204.40381   0.0430   0.1272       4258.80371        664.36304
    160       5192.61377   0.0433   0.1223       4284.60498        668.38800
    170       5271.00732   0.0426   0.1321       4149.05762        647.24292
    180       5226.58545   0.0433   0.1276       4266.08789        665.49939
    190       5190.18311   0.0429   0.1215       4173.17285        651.00482
    200       5071.09424   0.0439   0.1191       4387.89990        684.50177
    210       4604.33789   0.0402   0.1086       3687.59155        575.25537
    220       4613.44824   0.0399   0.1032       3631.90796        566.56885
    230       4697.95264   0.0395   0.1162       3590.04834        560.03882
    240       4600.88623   0.0402   0.1078       3713.10449        579.23529
    250       4616.71680   0.0399   0.1059       3647.68750        569.03040
    260       4631.12451   0.0400   0.1140       3640.87524        567.96771
    270       4612.78955   0.0401   0.1277       3677.43726        573.67133
    280       4603.91748   0.0399   0.1087       3639.15552        567.69946
    290       4714.54443   0.0396   0.1125       3562.61035        555.75861
    300       4660.32959   0.0399   0.1189       3659.02563        570.79913
# Molecular dynamics simulation at 300.00 K
#  Step   Current energy Av shift Mx shift   Kinetic energy    Kinetic temp.
      0       4660.32959   0.0000   0.0000       3205.17847        500.00006
     10       4382.01855   0.0389   0.1466       3451.45630        538.41882
     20       4385.36670   0.0388   0.1302       3408.16431        531.66534
     30       4399.50635   0.0387   0.1176       3417.66113        533.14685
     40       4379.39209   0.0389   0.1002       3446.76392        537.68683
     50       4336.04785   0.0392   0.0957       3497.46484        545.59601
     60       4423.92725   0.0390   0.1096       3425.11011        534.30890
     70       4345.04785   0.0389   0.1097       3445.92114        537.55536
     80       4427.38867   0.0386   0.1126       3389.05591        528.68451
     90       4441.85303   0.0384   0.1162       3400.65112        530.49335
    100       4409.74365   0.0389   0.1215       3424.34448        534.18945
    110       3727.63794   0.0339   0.1123       2651.33569        413.60193
    120       3695.99243   0.0336   0.0913       2572.21777        401.25974
    130       3659.38013   0.0347   0.1032       2743.33887        427.95422
    140       3665.61304   0.0341   0.1025       2654.01270        414.01953
    150       3710.67773   0.0344   0.1129       2711.62427        423.00681
    160       3660.66699   0.0340   0.1080       2638.04761        411.52902
    170       3675.11792   0.0344   0.0932       2703.41431        421.72607
    180       3649.97559   0.0342   0.0973       2693.66309        420.20490
    190       3649.81909   0.0344   0.1085       2704.06079        421.82693
    200       3629.57690   0.0346   0.1110       2751.87427        429.28571
    210       3265.42090   0.0316   0.0968       2304.08887        359.43228
    220       3250.57275   0.0315   0.0918       2263.94751        353.17032
    230       3251.72339   0.0314   0.0849       2267.60278        353.74054
    240       3294.62793   0.0313   0.0903       2249.93164        350.98389
    250       3303.42407   0.0315   0.0961       2260.55151        352.64056
    260       3226.28809   0.0315   0.0842       2263.05591        353.03122
    270       3269.96240   0.0315   0.0871       2271.95410        354.41934
    280       3242.34741   0.0318   0.0906       2303.31055        359.31085
    290       3271.22021   0.0313   0.0839       2236.93213        348.95599
    300       3249.14380   0.0315   0.0828       2282.06226        355.99619
# Conjugate gradients optimization
#  Step   Current energy Av shift Mx shift   Funcs         Gradient
      0       3249.14380   0.0000   0.0000       1      3.33432e+06
     10       1399.08655   0.0114   0.0402      21          51143.3
     20       1243.53406   0.0032   0.0199      42          10204.1
     30       1181.85779   0.0068   0.0333      62          15456.7
     40       1118.45605   0.0046   0.0232      82          6480.94
     49       1097.40027   0.0018   0.0095     100          2211.32
