# Conjugate gradients optimization
#  Step   Current energy Av shift Mx shift   Funcs         Gradient
      0      29782.07422   0.0000   0.0000       1           987725
     10       1499.68054   0.0328   0.9508      21          4147.32
     20        873.97955   0.0740   2.1927      42          3436.97
     30        509.93808   0.0068   0.1804      63          381.758
     40        380.11465   0.0239   0.8279      83          1858.73
     50        263.82111   0.0018   0.2173     103          132.308
     60        207.28102   0.0036   0.1853     123          85.0753
     70        168.47314   0.0064   0.2058     144          96.8577
     80        110.54803   0.0223   0.4946     164          111.834
     90         73.69023   0.0194   0.3560     184           72.314
     99         53.28574   0.0172   0.4543     201          48.2156
# Conjugate gradients optimization
#  Step   Current energy Av shift Mx shift   Funcs         Gradient
      0        794.88617   0.0000   0.0000       1          4690.09
     10        639.34772   0.0164   0.3226      21          3063.13
     20        520.85907   0.0181   0.2517      41             2262
     30        415.41467   0.0261   0.2784      62          2119.16
     40        331.10101   0.0255   0.3242      82          2129.57
     50        263.67599   0.0173   0.2371     102          843.484
     60        230.30878   0.0072   0.1151     123          726.697
     70        206.00323   0.0098   0.1483     143          386.432
     80        188.97318   0.0069   0.0756     163          259.277
     90        179.75089   0.0029   0.0353     184          124.328
     98        174.96916   0.0043   0.0472     201          130.848
# Conjugate gradients optimization
#  Step   Current energy Av shift Mx shift   Funcs         Gradient
      0       1187.21863   0.0000   0.0000       1          9082.39
      4       1173.46765   0.0010   0.0096       9          2210.65
# Conjugate gradients optimization
#  Step   Current energy Av shift Mx shift   Funcs         Gradient
      0       3230.27954   0.0000   0.0000       1          21220.8
     10       2829.39111   0.0325   0.5947      21           110918
     20       2521.99609   0.0128   0.1692      42          77353.3
     30       2237.07690   0.0176   0.1836      62          52558.9
     40       2030.20459   0.0121   0.1502      83            33677
     50       1844.88831   0.0104   0.1069     103          26652.9
     60       1683.99829   0.0017   0.0177     124          17439.1
     70       1623.82446   0.0024   0.0246     145          7203.87
     80       1528.73413   0.0121   0.1510     165          19873.7
     90       1457.78638   0.0053   0.0521     185          7801.76
     98       1414.28186   0.0038   0.0433     201          7934.27
# Conjugate gradients optimization
#  Step   Current energy Av shift Mx shift   Funcs         Gradient
      0       1599.96545   0.0000   0.0000       1          9131.87
      1       1597.28638   0.0008   0.0097       3          5528.28
# Conjugate gradients optimization
#  Step   Current energy Av shift Mx shift   Funcs         Gradient
      0       2421.87817   0.0000   0.0000       1          20899.1
     10       2147.12842   0.0067   0.1160      21          63116.2
     20       1947.56152   0.0060   0.0693      41          28561.4
     30       1795.02051   0.0097   0.1076      61          23726.9
     40       1688.05847   0.0072   0.0601      81          20112.4
     50       1605.32458   0.0016   0.0147     102          8256.99
     60       1539.24829   0.0015   0.0176     123          14222.2
     70       1471.65735   0.0092   0.0895     143          10244.4
     80       1413.18689   0.0072   0.0603     163          11231.2
     90       1367.99231   0.0012   0.0107     184          4712.81
     99       1347.23376   0.0033   0.0265     201          5952.14
# Conjugate gradients optimization
#  Step   Current energy Av shift Mx shift   Funcs         Gradient
      0       1883.71155   0.0000   0.0000       1          15074.1
     10       1753.15271   0.0041   0.1039      21          25838.1
     20       1653.62329   0.0072   0.0942      42          19721.1
     30       1585.07922   0.0064   0.0825      62          13358.9
     40       1512.22412   0.0015   0.0231      82          7857.88
     50       1455.60962   0.0063   0.0767     102          9514.19
     57       1429.95557   0.0011   0.0090     116          4958.56
# Conjugate gradients optimization
#  Step   Current energy Av shift Mx shift   Funcs         Gradient
      0       1651.28967   0.0000   0.0000       1          6788.09
      1       1649.73853   0.0005   0.0077       3          4993.47
# Conjugate gradients optimization
#  Step   Current energy Av shift Mx shift   Funcs         Gradient
      0       3313.50000   0.0000   0.0000       1          34114.6
     10       2759.02173   0.0075   0.1775      21            78741
     20       2383.55615   0.0102   0.1529      41            47922
     30       2208.98022   0.0064   0.0916      62          32364.2
     40       2053.81738   0.0075   0.0968      82          27550.1
     50       1895.66296   0.0107   0.0847     102          36236.4
     60       1775.95483   0.0096   0.0765     123          18289.4
     70       1686.26282   0.0083   0.1183     143          19829.6
     80       1600.81396   0.0096   0.0822     163          17731.8
     90       1507.56848   0.0128   0.1150     184          13964.1
     99       1452.62561   0.0057   0.0785     201          10977.6
# Conjugate gradients optimization
#  Step   Current energy Av shift Mx shift   Funcs         Gradient
      0       2269.77930   0.0000   0.0000       1          26331.4
     10       2024.33496   0.0063   0.0878      21            30390
     20       1865.17834   0.0065   0.0595      41            23498
     30       1755.49585   0.0070   0.0739      61          17898.3
     40       1669.44128   0.0090   0.0847      81          21298.3
     50       1597.06494   0.0091   0.0776     101            12173
     60       1532.85876   0.0083   0.0689     121          10460.8
     70       1481.85364   0.0109   0.0897     141          9424.83
     76       1455.99976   0.0008   0.0051     154          3320.72
# Conjugate gradients optimization
#  Step   Current energy Av shift Mx shift   Funcs         Gradient
      0       1367.06812   0.0000   0.0000       1          4183.78
      1       1365.77209   0.0006   0.0065       3          3599.65
# Conjugate gradients optimization
#  Step   Current energy Av shift Mx shift   Funcs         Gradient
      0       2803.05615   0.0000   0.0000       1          49242.9
     10       2194.83569   0.0097   0.1238      21          74843.9
     20       1910.82471   0.0132   0.1600      41          40529.2
     30       1729.47668   0.0097   0.0895      61          36514.2
     40       1619.24841   0.0088   0.0902      81            18932
     50       1539.26233   0.0079   0.0840     101          13243.1
     60       1489.96509   0.0026   0.0196     122          6485.21
     70       1446.23560   0.0126   0.1008     142          13385.3
     80       1401.85620   0.0048   0.0348     162          6792.42
     90       1375.97681   0.0041   0.0247     182          6186.54
# Conjugate gradients optimization
#  Step   Current energy Av shift Mx shift   Funcs         Gradient
      0       1459.34937   0.0000   0.0000       1          7652.01
      3       1452.27576   0.0005   0.0073       7          2623.43
# Conjugate gradients optimization
#  Step   Current energy Av shift Mx shift   Funcs         Gradient
      0       1616.77466   0.0000   0.0000       1          8863.28
     10       1497.35681   0.0043   0.0620      21          10793.1
     20       1449.64270   0.0042   0.0405      41          7942.88
# Conjugate gradients optimization
#  Step   Current energy Av shift Mx shift   Funcs         Gradient
      0       1679.57239   0.0000   0.0000       1          6918.75
     10       1589.03845   0.0040   0.0572      21          15410.9
     20       1531.37061   0.0025   0.0215      42          7790.46
     30       1495.74341   0.0050   0.0426      62          8954.88
     40       1439.92188   0.0078   0.0538      82          7905.16
     50       1402.48193   0.0065   0.0419     102          7982.98
     60       1367.14282   0.0074   0.0433     122             6661
     70       1337.05273   0.0063   0.0467     142          6335.36
     80       1308.37244   0.0034   0.0280     162          2902.17
     83       1304.28857   0.0003   0.0039     168          987.164
# Conjugate gradients optimization
#  Step   Current energy Av shift Mx shift   Funcs         Gradient
      0       1426.31274   0.0000   0.0000       1          3292.84
     10       1389.36841   0.0034   0.0440      21           6056.2
     16       1373.71826   0.0007   0.0088      33          1903.68
# Conjugate gradients optimization
#  Step   Current energy Av shift Mx shift   Funcs         Gradient
      0       1947.58569   0.0000   0.0000       1          18591.4
     10       1708.95581   0.0067   0.0686      21          28490.7
     20       1601.49072   0.0079   0.0467      41          16702.3
     30       1529.34204   0.0084   0.0415      61          11108.9
     40       1475.82666   0.0074   0.0412      81          10660.4
     50       1434.89734   0.0030   0.0182     101          3345.16
     60       1398.97534   0.0063   0.0388     121          5487.94
     70       1373.20642   0.0057   0.0319     141          5185.96
     80       1353.40784   0.0056   0.0253     161          3733.53
     87       1340.12878   0.0008   0.0057     176          2156.42
# Conjugate gradients optimization
#  Step   Current energy Av shift Mx shift   Funcs         Gradient
      0       1706.37512   0.0000   0.0000       1          14953.9
     10       1560.41418   0.0056   0.0764      21            22720
     20       1494.08289   0.0050   0.0460      41          10894.6
     27       1463.05090   0.0009   0.0078      56          4463.61
# Conjugate gradients optimization
#  Step   Current energy Av shift Mx shift   Funcs         Gradient
      0       1637.58752   0.0000   0.0000       1          9767.08
     10       1570.90991   0.0044   0.0462      21          13795.7
     20       1510.12854   0.0055   0.0404      41          10635.8
     30       1453.25000   0.0069   0.0526      61          11219.7
     40       1413.27100   0.0051   0.0356      81           6593.6
     43       1403.35034   0.0009   0.0075      88          3945.14
# Conjugate gradients optimization
#  Step   Current energy Av shift Mx shift   Funcs         Gradient
      0       1461.28455   0.0000   0.0000       1          5883.94
     10       1431.46521   0.0036   0.0513      21          6592.81
     14       1418.36060   0.0008   0.0062      30          2994.73
# Conjugate gradients optimization
#  Step   Current energy Av shift Mx shift   Funcs         Gradient
      0       1632.55713   0.0000   0.0000       1          9564.28
     10       1533.70483   0.0039   0.0923      21          16985.2
     20       1471.84766   0.0044   0.0407      41          9168.59
     30       1430.73071   0.0059   0.0584      61          11711.8
     40       1393.76892   0.0079   0.0623      81          6483.47
     50       1360.87061   0.0067   0.0566     101           5269.3
     60       1334.24658   0.0066   0.0426     121          4653.71
     70       1313.49768   0.0064   0.0408     141           3732.6
     80       1297.75073   0.0069   0.0487     161          2670.05
     90       1284.52490   0.0050   0.0324     181          2483.62
# Conjugate gradients optimization
#  Step   Current energy Av shift Mx shift   Funcs         Gradient
      0       1331.94214   0.0000   0.0000       1          4027.18
      5       1319.86731   0.0004   0.0063      11          2519.33
# Conjugate gradients optimization
#  Step   Current energy Av shift Mx shift   Funcs         Gradient
      0       1361.41455   0.0000   0.0000       1          3630.42
      1       1360.47632   0.0004   0.0059       3          3743.73
# Conjugate gradients optimization
#  Step   Current energy Av shift Mx shift   Funcs         Gradient
      0       1578.74683   0.0000   0.0000       1          7769.25
     10       1476.51086   0.0012   0.0139      22          9740.06
     20       1430.39624   0.0033   0.0369      42          11954.8
     25       1412.76697   0.0004   0.0086      53          3000.81
# Conjugate gradients optimization
#  Step   Current energy Av shift Mx shift   Funcs         Gradient
      0       2133.41113   0.0000   0.0000       1           108116
     10       1550.89087   0.0042   0.1007      21          38163.1
     20       1453.60999   0.0037   0.0639      41          12649.9
     30       1413.50232   0.0029   0.0401      61          7402.96
     40       1387.37866   0.0025   0.0257      81          4259.62
     50       1366.46606   0.0062   0.0749     101          6467.38
     60       1345.78198   0.0043   0.0544     121          3529.33
     70       1328.89417   0.0031   0.0370     141          2978.78
     80       1315.09583   0.0026   0.0312     161          2463.03
     86       1308.98914   0.0004   0.0088     174          997.126
# Conjugate gradients optimization
#  Step   Current energy Av shift Mx shift   Funcs         Gradient
      0       1332.81299   0.0000   0.0000       1          10053.5
# Conjugate gradients optimization
#  Step   Current energy Av shift Mx shift   Funcs         Gradient
      0       1318.59485   0.0000   0.0000       1          2347.27
      2       1316.94775   0.0003   0.0050       5          916.242
# Molecular dynamics simulation at 150.00 K
#  Step   Current energy Av shift Mx shift   Kinetic energy    Kinetic temp.
      0       1316.94775   0.0000   0.0000       1123.31982        155.57181
     10       1985.67322   0.0157   0.0528        637.43274         88.27990
     20       2123.67212   0.0188   0.0656        921.58765        127.63334
     30       2250.98877   0.0192   0.0698        958.04144        132.68193
     40       2284.51660   0.0200   0.0720       1034.67761        143.29549
     50       2382.75659   0.0195   0.0699        987.54297        136.76768
# Molecular dynamics simulation at 400.00 K
#  Step   Current energy Av shift Mx shift   Kinetic energy    Kinetic temp.
      0       2382.75659   0.0000   0.0000       1083.08777        149.99995
     10       2360.08569   0.0209   0.0685       1132.89050        156.89728
     20       3203.20020   0.0278   0.0953       2028.33374        280.90979
     30       3602.85986   0.0323   0.1129       2696.69604        373.47324
     40       3655.99756   0.0316   0.1134       2597.63037        359.75333
     50       3907.98169   0.0330   0.1158       2842.33398        393.64304
# Molecular dynamics simulation at 1000.00 K
#  Step   Current energy Av shift Mx shift   Kinetic energy    Kinetic temp.
      0       3907.98169   0.0000   0.0000       2888.23389        399.99985
     10       3891.69604   0.0321   0.1061       2686.57471        372.07150
     20       5874.25342   0.0463   0.1724       5614.99170        777.63641
     30       6605.27295   0.0499   0.1742       6528.10693        904.09637
     40       7146.82959   0.0504   0.1846       6635.94189        919.03076
     50       7170.19238   0.0521   0.1755       7078.27881        980.29132
# Molecular dynamics simulation at 1000.00 K
#  Step   Current energy Av shift Mx shift   Kinetic energy    Kinetic temp.
      0       7170.19238   0.0000   0.0000       7220.59668       1000.00128
     10       7404.91748   0.0516   0.1638       6950.59717        962.60828
     20       7369.28320   0.0524   0.1558       7125.27295        986.79962
     30       7449.71094   0.0517   0.1447       6836.44775        946.79944
     40       7647.68652   0.0514   0.1388       6798.78369        941.58319
     50       7464.28857   0.0515   0.1617       6850.96387        948.80981
     60       7579.16943   0.0511   0.1508       6758.11182        935.95044
     70       7514.71631   0.0516   0.1591       6907.70508        956.66803
     80       7440.15137   0.0511   0.1535       6781.88135        939.24237
     90       7546.86768   0.0509   0.1527       6677.77441        924.82428
    100       7472.35303   0.0514   0.1803       6869.18701        951.33356
    110       7494.74805   0.0525   0.1397       7117.29395        985.69464
    120       7632.85889   0.0524   0.1505       7064.10107        978.32776
    130       7582.28174   0.0521   0.1520       7040.82129        975.10370
    140       7701.38184   0.0522   0.1489       7057.86621        977.46429
    150       7587.70801   0.0523   0.1830       7071.69971        979.38013
    160       7594.73145   0.0526   0.1634       7140.08594        988.85114
    170       7960.37988   0.0513   0.1738       6807.51074        942.79187
    180       7724.35840   0.0523   0.1979       7022.67432        972.59045
    190       7613.92920   0.0527   0.1923       7098.69922        983.11938
    200       7790.57178   0.0519   0.1920       6890.30518        954.25830
    210       7769.60303   0.0528   0.2215       7234.63330       1001.94525
    220       7879.13818   0.0526   0.2104       7177.39062        994.01758
    230       7887.92529   0.0526   0.1799       7134.27100        988.04584
    240       7858.56738   0.0524   0.1958       7104.91357        983.98004
    250       7910.17383   0.0526   0.1780       7158.65137        991.42230
    260       7948.32861   0.0526   0.1509       7085.08203        981.23352
    270       8002.87158   0.0527   0.1489       7125.00244        986.76221
    280       7849.53223   0.0529   0.1397       7199.09082        997.02289
    290       8035.39307   0.0523   0.1395       7039.14209        974.87115
    300       7957.94482   0.0522   0.1396       7039.78467        974.96014
# Molecular dynamics simulation at 800.00 K
#  Step   Current energy Av shift Mx shift   Kinetic energy    Kinetic temp.
      0       7957.94482   0.0000   0.0000       7220.58350        999.99945
     10       8096.99609   0.0528   0.1467       7186.64648        995.29944
     20       8032.14795   0.0525   0.1375       7114.82471        985.35266
     30       8100.30469   0.0524   0.1775       7180.22461        994.41003
     40       7976.37256   0.0528   0.1458       7144.86035        989.51239
     50       7960.89844   0.0529   0.1497       7224.08252       1000.48407
     60       7987.85986   0.0527   0.1908       7185.46924        995.13641
     70       8095.79199   0.0521   0.1610       6995.50146        968.82721
     80       8060.32715   0.0527   0.1432       7169.03711        992.86066
     90       8103.97754   0.0521   0.1476       7039.92920        974.98016
    100       8101.07178   0.0527   0.1405       7127.82812        987.15350
    110       7411.60449   0.0503   0.1573       6511.27930        901.76587
    120       7451.69629   0.0499   0.1356       6402.43066        886.69110
    130       7392.19678   0.0503   0.1592       6477.29639        897.05951
    140       7253.01270   0.0502   0.1743       6508.15967        901.33386
    150       7523.73486   0.0501   0.1551       6470.95117        896.18073
    160       7377.52930   0.0501   0.1770       6447.29980        892.90521
    170       7429.12939   0.0500   0.1663       6417.32178        888.75342
    180       7382.02930   0.0501   0.1517       6475.07471        896.75183
    190       7276.48828   0.0503   0.1774       6560.26025        908.54938
    200       7376.01807   0.0501   0.1694       6503.15527        900.64075
    210       7052.01172   0.0492   0.1599       6212.07812        860.32867
    220       7111.90332   0.0480   0.1459       5929.43115        821.18408
    230       6993.67480   0.0490   0.1442       6166.01514        853.94928
    240       6989.70996   0.0490   0.1346       6206.27832        859.52545
    250       7071.45752   0.0487   0.1604       6107.98926        845.91309
    260       7022.09912   0.0486   0.1291       6098.39307        844.58411
    270       7001.72266   0.0490   0.1359       6142.47852        850.68958
    280       6968.11182   0.0494   0.1324       6228.66406        862.62567
    290       7159.87061   0.0484   0.1410       6037.31787        836.12561
    300       7075.37842   0.0489   0.1443       6121.28857        847.75494
# Molecular dynamics simulation at 500.00 K
#  Step   Current energy Av shift Mx shift   Kinetic energy    Kinetic temp.
      0       7075.37842   0.0000   0.0000       5776.47363        800.00055
     10       6877.49512   0.0479   0.1469       5928.34814        821.03406
     20       6876.90381   0.0484   0.1481       6014.02100        832.89917
     30       6878.42285   0.0481   0.1463       5965.60889        826.19440
     40       7002.98340   0.0477   0.1486       5861.76221        811.81238
     50       6908.97705   0.0478   0.1365       5843.31543        809.25763
     60       6936.16455   0.0479   0.1295       5907.05225        818.08472
     70       6722.78564   0.0484   0.1301       6028.30762        834.87775
     80       6916.40186   0.0479   0.1252       5916.17822        819.34863
     90       6871.68994   0.0482   0.1385       6011.32422        832.52570
    100       6811.59375   0.0482   0.1281       5992.13379        829.86792
    110       5819.50732   0.0426   0.1166       4689.20557        649.42163
    120       5684.50000   0.0428   0.1294       4716.14111        653.15204
    130       5691.37109   0.0427   0.1208       4695.62549        650.31073
    140       5754.51221   0.0427   0.1287       4665.72461        646.16968
    150       5816.60205   0.0428   0.1134       4689.01318        649.39502
    160       5626.66748   0.0434   0.1338       4840.02295        670.30878
    170       5681.12061   0.0430   0.1212       4778.42529        661.77795
    180       5725.15186   0.0433   0.1172       4780.04834        662.00269
    190       5730.02148   0.0427   0.1430       4689.69189        649.48901
    200       5681.30420   0.0435   0.1229       4827.85645        668.62378
    210       5220.81055   0.0398   0.1110       4073.45850        564.14502
    220       5179.90967   0.0396   0.1123       4034.10693        558.69513
    230       5086.08740   0.0406   0.1046       4221.75977        584.68372
    240       5109.83350   0.0402   0.1162       4141.86719        573.61914
    250       5167.75342   0.0401   0.1033       4105.86768        568.63348
    260       5094.25146   0.0401   0.1236       4147.36279        574.38025
    270       5195.77002   0.0399   0.1122       4097.05371        567.41278
    280       5080.75830   0.0405   0.1070       4200.94287        581.80072
    290       5154.58789   0.0398   0.1101       4081.97217        565.32410
    300       5198.86963   0.0398   0.1121       4075.34668        564.40656
# Molecular dynamics simulation at 300.00 K
#  Step   Current energy Av shift Mx shift   Kinetic energy    Kinetic temp.
      0       5198.86963   0.0000   0.0000       3610.29517        500.00021
     10       4925.09473   0.0391   0.1050       3910.50659        541.57733
     20       4939.26221   0.0386   0.1059       3839.47705        531.74030
     30       4913.68555   0.0393   0.1050       3944.89331        546.33966
     40       4958.76611   0.0385   0.1026       3805.66553        527.05762
     50       4925.44043   0.0388   0.0994       3855.92358        534.01801
     60       4979.29297   0.0386   0.1034       3832.84546        530.82184
     70       5008.64014   0.0385   0.1106       3830.97754        530.56317
     80       5001.17188   0.0388   0.0990       3857.48218        534.23389
     90       4912.91016   0.0392   0.1008       3966.65820        549.35394
    100       4902.55420   0.0389   0.1091       3881.63013        537.57819
    110       4154.74854   0.0342   0.0958       2995.34497        414.83398
    120       4069.92236   0.0339   0.1003       2978.01123        412.43338
    130       4109.73193   0.0344   0.0934       3034.52832        420.26059
    140       4097.69775   0.0341   0.0925       2969.24805        411.21976
    150       4119.52637   0.0346   0.1068       3072.61597        425.53546
    160       4042.05347   0.0343   0.1014       3042.28809        421.33527
    170       4125.95508   0.0340   0.0890       2975.98877        412.15329
    180       4088.67188   0.0344   0.0970       3048.65967        422.21768
    190       4054.45557   0.0344   0.0962       3057.83984        423.48907
    200       3982.71191   0.0347   0.0977       3108.05151        430.44302
    210       3617.68677   0.0316   0.1048       2576.73828        356.85992
    220       3596.21387   0.0316   0.0875       2577.24780        356.93051
    230       3662.59570   0.0313   0.0869       2505.44922        346.98691
    240       3640.98071   0.0313   0.1005       2527.55444        350.04831
    250       3618.42969   0.0321   0.1000       2619.13525        362.73160
    260       3614.92480   0.0312   0.0908       2515.92310        348.43747
    270       3615.96191   0.0317   0.0865       2573.20728        356.37091
    280       3618.01221   0.0317   0.0846       2568.70728        355.74768
    290       3610.68896   0.0316   0.0891       2583.67261        357.82028
    300       3608.10352   0.0316   0.0832       2575.70898        356.71738
# Conjugate gradients optimization
#  Step   Current energy Av shift Mx shift   Funcs         Gradient
      0       3608.10352   0.0000   0.0000       1      3.71223e+06
     10       1575.41492   0.0113   0.0422      21            55895
     20       1390.47009   0.0083   0.0381      41          20410.6
     30       1310.16089   0.0064   0.0313      61          10553.9
     40       1264.52283   0.0050   0.0376      81           7013.4
     50       1236.75989   0.0037   0.0238     101          4333.36
     54       1231.65002   0.0013   0.0080     109          1738.83
