# Conjugate gradients optimization
#  Step   Current energy Av shift Mx shift   Funcs         Gradient
      0      17871.88672   0.0000   0.0000       1           963494
     10        861.26929   0.0585   2.1168      21             3202
     20        387.52814   0.0477   1.7908      41          1630.98
     30        264.55344   0.0054   0.4189      61          250.505
     40        220.58145   0.0325   1.0084      81          1446.08
     50        187.13179   0.0024   0.1552     102          59.2329
     60        163.73906   0.0138   0.4243     122          237.096
     70         88.43639   0.0139   0.4439     142          207.379
     80         50.57065   0.0258   0.7749     162          59.1941
     90         34.21600   0.0156   0.4834     182          43.1986
# Conjugate gradients optimization
#  Step   Current energy Av shift Mx shift   Funcs         Gradient
      0        284.97586   0.0000   0.0000       1          2991.44
     10        221.71144   0.0117   0.2600      22          1029.67
     20        186.15593   0.0056   0.1303      42          511.061
     30        154.61397   0.0061   0.1662      62          494.963
     40        141.03459   0.0119   0.2345      82           370.66
     50        134.42554   0.0035   0.0620     102          181.581
     60        125.02080   0.0056   0.1253     122          163.887
     70        116.09837   0.0097   0.1774     142          202.939
     80        108.54465   0.0083   0.1556     163          230.138
     85        107.35803   0.0004   0.0072     173          14.9029
# Conjugate gradients optimization
#  Step   Current energy Av shift Mx shift   Funcs         Gradient
      0        665.85492   0.0000   0.0000       1          910.803
     10        640.19495   0.0038   0.0983      21           1953.2
     20        623.13129   0.0041   0.0579      41          1794.02
     30        608.66022   0.0044   0.0586      61          1329.35
     40        592.63123   0.0057   0.1041      81          1612.11
     50        576.38214   0.0060   0.1131     101          1392.28
     60        562.90735   0.0083   0.1774     122          3276.02
     70        549.68945   0.0042   0.0777     142          1419.76
     80        536.12701   0.0041   0.0791     162          1056.63
     90        525.22473   0.0065   0.1111     183          968.696
     99        514.31128   0.0023   0.0366     201          1244.76
# Conjugate gradients optimization
#  Step   Current energy Av shift Mx shift   Funcs         Gradient
      0       1149.62451   0.0000   0.0000       1          3846.39
      3       1145.50647   0.0003   0.0039       7          3230.12
# Conjugate gradients optimization
#  Step   Current energy Av shift Mx shift   Funcs         Gradient
      0       1413.88916   0.0000   0.0000       1          5703.17
     10       1334.18726   0.0040   0.1135      21          11775.8
# Conjugate gradients optimization
#  Step   Current energy Av shift Mx shift   Funcs         Gradient
      0       1875.00513   0.0000   0.0000       1          9249.98
     10       1770.26062   0.0097   0.3543      21          24631.5
     20       1692.01038   0.0024   0.0457      42          9080.27
     30       1612.31567   0.0096   0.1448      62          23626.9
     40       1534.97180   0.0047   0.0667      82          8010.21
     50       1486.91321   0.0064   0.1217     102          8638.17
     60       1416.18188   0.0082   0.1568     122          18922.5
     70       1364.77295   0.0019   0.0301     143          6913.79
     80       1336.26489   0.0044   0.0778     163          7501.93
     90       1302.36365   0.0041   0.0927     183          8006.46
     99       1267.04346   0.0035   0.0769     201          5763.24
# Conjugate gradients optimization
#  Step   Current energy Av shift Mx shift   Funcs         Gradient
      0       1782.02161   0.0000   0.0000       1          12373.2
     10       1716.68518   0.0083   0.2064      21          28137.3
     20       1649.40735   0.0051   0.0999      41          15923.6
     30       1599.63977   0.0036   0.0733      61          9974.42
     40       1559.04138   0.0033   0.0771      81          6083.41
     49       1532.64661   0.0007   0.0080     100          2020.04
# Conjugate gradients optimization
#  Step   Current energy Av shift Mx shift   Funcs         Gradient
      0       2077.23706   0.0000   0.0000       1          6809.48
     10       2005.91028   0.0042   0.1522      21          17102.5
     20       1949.18945   0.0046   0.1055      41          10858.9
     30       1898.27441   0.0035   0.0596      62          9542.91
     40       1856.05200   0.0049   0.0849      82          9514.93
     47       1833.93896   0.0006   0.0062      97          2854.48
# Conjugate gradients optimization
#  Step   Current energy Av shift Mx shift   Funcs         Gradient
      0       2803.00439   0.0000   0.0000       1          15331.5
     10       2610.50122   0.0014   0.0382      22          16276.9
     20       2538.99609   0.0047   0.0830      42          26379.7
     30       2395.15796   0.0150   0.2250      63          64216.3
     40       2293.75757   0.0081   0.1046      83          14082.2
     50       2193.34595   0.0132   0.1725     103          18601.6
     60       2104.63696   0.0070   0.1016     124          10914.2
     70       2026.31958   0.0119   0.1930     144          17908.1
     80       1941.83911   0.0152   0.2597     164          17207.9
     90       1870.96521   0.0136   0.2448     184          12086.7
     99       1816.13916   0.0086   0.1524     201          14734.2
# Conjugate gradients optimization
#  Step   Current energy Av shift Mx shift   Funcs         Gradient
      0       2230.51978   0.0000   0.0000       1          12340.1
      4       2211.29614   0.0008   0.0064       9           5607.6
# Conjugate gradients optimization
#  Step   Current energy Av shift Mx shift   Funcs         Gradient
      0       1826.79028   0.0000   0.0000       1          6120.62
      1       1825.38171   0.0004   0.0059       3          3414.91
# Conjugate gradients optimization
#  Step   Current energy Av shift Mx shift   Funcs         Gradient
      0      15795.99219   0.0000   0.0000       1           633796
     10       8493.04102   0.0161   0.6024      21           787462
     20       6440.35059   0.0147   0.3355      41           350567
     30       5539.55811   0.0076   0.1390      62           122571
     40       4907.15576   0.0155   0.2288      82           142550
     50       4320.16162   0.0153   0.2397     102          71355.8
     60       3978.67529   0.0119   0.1906     122            54959
     70       3757.32983   0.0080   0.0989     142          28560.2
     80       3639.79712   0.0084   0.1521     163          39623.3
     90       3411.71973   0.0117   0.2021     183          44663.3
     99       3239.55273   0.0177   0.2514     201          29240.5
# Conjugate gradients optimization
#  Step   Current energy Av shift Mx shift   Funcs         Gradient
      0       4233.81543   0.0000   0.0000       1          47678.6
     10       3841.03296   0.0048   0.0865      21            36664
     20       3556.45166   0.0067   0.2284      41          46309.2
     30       3397.95557   0.0077   0.0965      61          28585.8
     40       3231.38257   0.0123   0.1207      81          33780.5
     50       3058.01294   0.0058   0.0618     102          48392.5
     60       2917.10620   0.0107   0.1146     122          39697.9
     70       2752.43457   0.0014   0.0319     144          10216.8
     80       2674.81299   0.0045   0.0584     164          20067.8
     90       2563.35327   0.0094   0.1345     185          48870.9
     98       2405.70508   0.0111   0.1316     201          65045.8
# Conjugate gradients optimization
#  Step   Current energy Av shift Mx shift   Funcs         Gradient
      0       2608.47827   0.0000   0.0000       1          80516.8
     10       2454.85132   0.0053   0.0804      21          24649.2
     20       2267.21460   0.0149   0.1568      42          50611.3
     30       2029.31274   0.0113   0.1258      62          33998.5
     40       1824.16956   0.0164   0.2029      82            34537
     50       1643.28552   0.0125   0.1633     102          26926.2
     60       1502.38281   0.0099   0.1591     122          25558.6
     70       1389.91553   0.0056   0.1047     142          9297.39
     80       1289.10120   0.0085   0.1845     162          15512.7
     90       1207.30774   0.0062   0.1645     182            11302
     99       1168.74683   0.0041   0.1023     201          4966.65
# Conjugate gradients optimization
#  Step   Current energy Av shift Mx shift   Funcs         Gradient
      0       1219.60657   0.0000   0.0000       1          8607.46
      1       1216.96399   0.0008   0.0090       3          4679.37
# Conjugate gradients optimization
#  Step   Current energy Av shift Mx shift   Funcs         Gradient
      0       1346.29517   0.0000   0.0000       1          9912.89
     10       1253.26990   0.0053   0.0623      21          11877.6
     20       1209.30420   0.0048   0.0459      41          6076.69
     30       1180.28906   0.0054   0.0534      61          4903.94
     40       1157.10144   0.0050   0.0408      81           4246.3
     50       1136.84949   0.0066   0.0650     101           3823.1
     60       1118.76868   0.0044   0.0485     121          3506.29
     69       1104.24304   0.0007   0.0063     140          3144.31
# Conjugate gradients optimization
#  Step   Current energy Av shift Mx shift   Funcs         Gradient
      0       1261.15356   0.0000   0.0000       1          7763.51
     10       1202.76782   0.0039   0.0357      21          10538.9
     20       1173.15759   0.0034   0.0322      41          6134.95
     30       1151.31848   0.0046   0.0535      61          4877.88
     40       1130.74231   0.0035   0.0412      81           3431.5
     50       1120.48230   0.0013   0.0103     101          1823.29
     51       1119.81104   0.0012   0.0097     103          1619.86
# Conjugate gradients optimization
#  Step   Current energy Av shift Mx shift   Funcs         Gradient
      0       1156.70337   0.0000   0.0000       1          2375.83
      1       1156.01880   0.0004   0.0048       3          1591.05
# Conjugate gradients optimization
#  Step   Current energy Av shift Mx shift   Funcs         Gradient
      0       1182.20422   0.0000   0.0000       1           2631.9
      1       1181.58899   0.0004   0.0071       3          2741.76
# Conjugate gradients optimization
#  Step   Current energy Av shift Mx shift   Funcs         Gradient
      0       1283.90234   0.0000   0.0000       1          6074.46
      9       1240.93091   0.0005   0.0087      19           2582.5
# Conjugate gradients optimization
#  Step   Current energy Av shift Mx shift   Funcs         Gradient
      0       1377.38550   0.0000   0.0000       1          8722.99
     10       1297.01245   0.0011   0.0286      21           8123.6
     11       1294.64368   0.0006   0.0087      23             3200
# Conjugate gradients optimization
#  Step   Current energy Av shift Mx shift   Funcs         Gradient
      0       1376.01331   0.0000   0.0000       1          6474.22
     10       1311.43896   0.0032   0.0284      21          13796.7
     20       1238.99561   0.0072   0.0491      41          9214.01
     30       1200.19434   0.0090   0.0457      61          8459.15
     40       1174.59985   0.0055   0.0263      81          4713.14
     50       1152.57922   0.0048   0.0239     101          3311.01
     55       1144.36145   0.0007   0.0054     112          1864.92
# Conjugate gradients optimization
#  Step   Current energy Av shift Mx shift   Funcs         Gradient
      0       1286.48950   0.0000   0.0000       1          3826.13
      1       1284.59253   0.0008   0.0087       3           5701.5
# Conjugate gradients optimization
#  Step   Current energy Av shift Mx shift   Funcs         Gradient
      0       2439.37939   0.0000   0.0000       1           162711
     10       1682.27783   0.0035   0.0929      21          37593.3
     20       1489.79260   0.0047   0.2345      42          48526.9
     30       1356.70483   0.0030   0.0896      62          11472.1
     40       1313.20300   0.0011   0.0238      83          5344.41
     50       1295.68433   0.0024   0.0285     103           4178.5
     60       1282.75952   0.0012   0.0193     124          2367.61
     66       1276.65088   0.0005   0.0070     137          1175.98
# Conjugate gradients optimization
#  Step   Current energy Av shift Mx shift   Funcs         Gradient
      0       1492.33752   0.0000   0.0000       1          95297.4
     10       1353.38098   0.0019   0.0537      21          9522.47
     20       1327.77283   0.0024   0.0574      41          4668.99
     30       1301.76880   0.0027   0.0422      61          4003.26
     40       1284.13135   0.0019   0.0259      81          3187.43
     50       1270.74683   0.0015   0.0304     101          2148.33
     60       1262.35620   0.0025   0.0341     121          1471.39
     70       1256.44983   0.0024   0.0272     141          2035.43
     80       1251.34558   0.0028   0.0363     161           1018.7
     90       1245.39783   0.0035   0.0448     182          2026.45
     95       1242.55566   0.0007   0.0064     193          838.217
# Conjugate gradients optimization
#  Step   Current energy Av shift Mx shift   Funcs         Gradient
      0       1256.84277   0.0000   0.0000       1          7118.46
      2       1253.33130   0.0003   0.0098       5          1823.94
# Molecular dynamics simulation at 150.00 K
#  Step   Current energy Av shift Mx shift   Kinetic energy    Kinetic temp.
      0       1253.33130   0.0000   0.0000        946.71564        149.84387
     10       1811.01501   0.0155   0.0481        550.78644         87.17715
     20       1973.77197   0.0185   0.0544        778.75281        123.25912
     30       2095.76929   0.0189   0.0588        809.51190        128.12759
     40       2136.41113   0.0197   0.0648        885.80762        140.20349
     50       2226.82617   0.0196   0.0602        865.52808        136.99370
# Molecular dynamics simulation at 400.00 K
#  Step   Current energy Av shift Mx shift   Kinetic energy    Kinetic temp.
      0       2226.82617   0.0000   0.0000        947.70227        150.00003
     10       2212.49268   0.0209   0.0573        997.73639        157.91931
     20       2992.17285   0.0276   0.0831       1743.35693        275.93433
     30       3346.80005   0.0317   0.0975       2317.94800        366.87924
     40       3362.00342   0.0321   0.1087       2339.69287        370.32095
     50       3541.00757   0.0330   0.1116       2481.27148        392.72968
# Molecular dynamics simulation at 1000.00 K
#  Step   Current energy Av shift Mx shift   Kinetic energy    Kinetic temp.
      0       3541.00757   0.0000   0.0000       2527.20483        399.99991
     10       3541.08887   0.0323   0.0976       2368.83667        374.93378
     20       5317.80469   0.0458   0.1557       4842.12939        766.40057
     30       5953.30420   0.0497   0.1541       5715.52979        904.64032
     40       6551.44971   0.0501   0.1942       5770.53906        913.34705
     50       6494.79639   0.0519   0.1799       6242.14795        987.99213
# Molecular dynamics simulation at 1000.00 K
#  Step   Current energy Av shift Mx shift   Kinetic energy    Kinetic temp.
      0       6494.79639   0.0000   0.0000       6318.01709       1000.00055
     10       6790.37158   0.0508   0.2182       5941.89795        940.46930
     20       6685.06543   0.0519   0.2075       6176.97412        977.67657
     30       6621.08643   0.0512   0.1851       6035.38428        955.26611
     40       6786.83203   0.0509   0.1644       5897.08008        933.37567
     50       6758.14746   0.0514   0.1738       5982.36182        946.87384
     60       6885.09473   0.0509   0.2022       5868.12891        928.79333
     70       6776.32764   0.0511   0.1986       5937.06201        939.70392
     80       6772.00879   0.0510   0.1593       5895.08936        933.06055
     90       6828.44043   0.0509   0.1756       5865.19727        928.32928
    100       6834.14307   0.0508   0.2017       5835.03955        923.55603
    110       7093.22461   0.0516   0.1817       6029.24268        954.29401
    120       7081.75830   0.0516   0.1857       6042.54053        956.39880
    130       7036.66992   0.0520   0.1826       6111.28125        967.27887
    140       6979.27100   0.0520   0.1545       6104.31641        966.17651
    150       7050.77588   0.0520   0.1431       6097.79785        965.14478
    160       7185.92920   0.0517   0.1460       6015.47119        952.11432
    170       7172.39355   0.0517   0.1404       6023.25488        953.34631
    180       7147.31396   0.0517   0.1347       6056.35840        958.58582
    190       7069.63135   0.0522   0.1439       6116.19385        968.05646
    200       7099.55078   0.0521   0.1435       6108.03174        966.76459
    210       7356.08789   0.0522   0.1435       6139.13770        971.68793
    220       7279.00781   0.0520   0.1469       6128.13281        969.94611
    230       7354.72266   0.0520   0.1474       6070.92529        960.89142
    240       7169.56006   0.0524   0.1649       6263.83740        991.42511
    250       7223.29932   0.0519   0.1670       6069.82178        960.71680
    260       7363.52588   0.0512   0.1510       5956.89746        942.84338
    270       7171.69775   0.0524   0.1671       6164.85938        975.75909
    280       7163.37939   0.0526   0.1468       6257.61377        990.44006
    290       7378.73096   0.0518   0.1513       6065.85400        960.08875
    300       7201.03564   0.0522   0.1575       6159.81104        974.96008
# Molecular dynamics simulation at 800.00 K
#  Step   Current energy Av shift Mx shift   Kinetic energy    Kinetic temp.
      0       7201.03564   0.0000   0.0000       6318.01318        999.99994
     10       7218.04785   0.0533   0.1480       6365.54004       1007.52234
     20       7377.53467   0.0522   0.1607       6084.65137        963.06396
     30       7223.89160   0.0532   0.1456       6391.97314       1011.70612
     40       7371.95557   0.0525   0.1391       6190.98633        979.89441
     50       7403.71289   0.0526   0.1534       6212.98730        983.37671
     60       7091.25293   0.0533   0.1593       6412.45557       1014.94806
     70       7178.04346   0.0528   0.1380       6281.14697        994.16486
     80       7331.32861   0.0530   0.1429       6328.53662       1001.66553
     90       7283.53711   0.0527   0.1394       6221.48730        984.72205
    100       7322.12354   0.0526   0.1440       6215.65039        983.79816
    110       6692.74414   0.0505   0.1377       5709.69971        903.71753
    120       6838.58447   0.0498   0.1400       5598.29248        886.08429
    130       6849.12012   0.0495   0.1458       5537.93018        876.53027
    140       6576.56836   0.0505   0.1380       5726.51318        906.37872
    150       6503.20459   0.0513   0.1381       5935.92188        939.52344
    160       6670.13037   0.0504   0.1341       5736.29395        907.92682
    170       6630.97900   0.0505   0.1472       5733.76318        907.52625
    180       6553.97412   0.0508   0.1510       5821.51270        921.41504
    190       6643.49023   0.0509   0.1439       5803.10449        918.50140
    200       6637.75488   0.0507   0.1475       5782.11816        915.17975
    210       6250.68701   0.0494   0.1364       5483.38086        867.89630
    220       6481.24512   0.0484   0.1509       5261.56982        832.78864
    230       6368.68457   0.0485   0.1445       5320.24463        842.07550
    240       6431.92676   0.0483   0.1345       5246.35645        830.38068
    250       6350.91943   0.0488   0.1321       5362.08984        848.69867
    260       6396.10596   0.0482   0.1371       5259.33447        832.43481
    270       6293.71533   0.0487   0.1332       5328.28369        843.34790
    280       6438.78613   0.0484   0.1521       5262.34033        832.91058
    290       6363.36963   0.0487   0.1493       5344.31445        845.88525
    300       6376.81152   0.0483   0.1395       5273.55420        834.68549
# Molecular dynamics simulation at 500.00 K
#  Step   Current energy Av shift Mx shift   Kinetic energy    Kinetic temp.
      0       6376.81152   0.0000   0.0000       5054.41211        800.00018
     10       6204.82861   0.0485   0.1344       5284.06494        836.34906
     20       6301.74854   0.0476   0.1276       5122.54297        810.78375
     30       6310.92188   0.0481   0.1403       5184.17822        820.53925
     40       6221.52832   0.0482   0.1302       5236.93311        828.88916
     50       6303.29248   0.0480   0.1299       5187.68750        821.09467
     60       6248.89893   0.0482   0.1283       5208.99707        824.46753
     70       6282.65381   0.0482   0.1319       5209.83252        824.59973
     80       6260.40820   0.0484   0.1369       5228.47510        827.55048
     90       6286.06689   0.0478   0.1333       5109.05127        808.64832
    100       6145.84619   0.0484   0.1313       5308.93896        840.28607
    110       5360.21289   0.0425   0.1131       4043.57202        640.00684
    120       5304.37891   0.0422   0.1162       3986.34106        630.94849
    130       5144.69824   0.0431   0.1192       4199.61035        664.70422
    140       5217.45557   0.0429   0.1139       4144.53125        655.98645
    150       5189.78613   0.0430   0.1152       4147.89990        656.51959
    160       5178.30615   0.0431   0.1097       4138.90820        655.09644
    170       5030.44678   0.0436   0.1195       4282.35254        677.80048
    180       5259.80957   0.0430   0.1320       4130.26074        653.72772
    190       5193.75928   0.0430   0.1163       4114.63574        651.25464
    200       5278.07031   0.0426   0.1297       4074.10376        644.83936
    210       4736.42334   0.0409   0.1095       3730.44849        590.44641
    220       4575.79395   0.0414   0.1121       3840.68774        607.89484
    230       4708.02637   0.0409   0.1092       3773.88672        597.32172
    240       4703.64258   0.0407   0.1034       3726.03540        589.74792
    250       4822.64502   0.0405   0.1122       3671.59619        581.13141
    260       4658.02686   0.0413   0.1058       3807.58325        602.65509
    270       4723.74219   0.0408   0.1093       3728.14429        590.08173
    280       4671.73584   0.0409   0.1111       3761.83838        595.41473
    290       4664.90186   0.0407   0.1178       3736.04199        591.33173
    300       4793.33887   0.0403   0.1079       3622.37964        573.34155
# Molecular dynamics simulation at 300.00 K
#  Step   Current energy Av shift Mx shift   Kinetic energy    Kinetic temp.
      0       4793.33887   0.0000   0.0000       3159.00781        500.00015
     10       4563.05273   0.0391   0.1119       3436.06934        543.85278
     20       4577.60596   0.0387   0.1059       3367.27148        532.96362
     30       4559.04297   0.0391   0.1116       3451.90918        546.35986
     40       4546.39307   0.0390   0.1033       3434.34961        543.58057
     50       4577.81152   0.0390   0.1110       3407.32324        539.30292
     60       4473.91699   0.0396   0.1208       3539.90552        560.28772
     70       4575.54492   0.0391   0.1120       3440.40430        544.53894
     80       4547.10156   0.0391   0.1014       3431.98462        543.20624
     90       4598.80957   0.0389   0.1144       3384.66309        535.71631
    100       4558.45068   0.0392   0.1091       3417.70117        540.94550
    110       3740.28564   0.0352   0.0921       2780.40381        440.07562
    120       3824.34937   0.0341   0.0954       2622.20068        415.03561
    130       3793.61035   0.0347   0.0968       2711.84741        429.22467
    140       3765.64746   0.0347   0.1011       2690.01562        425.76920
    150       3827.54565   0.0348   0.0981       2731.79419        432.38181
    160       3824.00269   0.0344   0.0988       2643.03711        418.33356
    170       3784.42700   0.0347   0.0894       2717.66479        430.14545
    180       3735.58667   0.0350   0.1195       2772.24854        438.78482
    190       3797.93677   0.0346   0.0868       2685.23975        425.01328
    200       3772.67822   0.0346   0.1012       2712.48315        429.32532
    210       3410.05005   0.0320   0.0945       2293.75122        363.04944
    220       3332.86255   0.0323   0.0820       2358.69482        373.32855
    230       3321.61108   0.0324   0.0905       2364.21777        374.20270
    240       3411.25928   0.0320   0.0887       2291.67139        362.72025
    250       3393.25513   0.0320   0.0938       2318.92310        367.03357
    260       3374.13599   0.0319   0.0865       2277.92188        360.54401
    270       3431.26514   0.0320   0.0973       2298.18408        363.75104
    280       3399.29736   0.0320   0.0873       2280.18701        360.90253
    290       3318.24487   0.0324   0.0869       2345.64038        371.26233
    300       3337.62134   0.0323   0.0924       2361.96973        373.84689
# Conjugate gradients optimization
#  Step   Current energy Av shift Mx shift   Funcs         Gradient
      0       3337.62134   0.0000   0.0000       1      3.50816e+06
     10       1435.82507   0.0118   0.0496      21          48263.2
     20       1271.55725   0.0084   0.0351      41            16961
     30       1206.27466   0.0060   0.0282      62          10241.6
     40       1169.34656   0.0045   0.0204      82          4962.75
     43       1162.95496   0.0020   0.0098      88          2214.25
