# Conjugate gradients optimization
#  Step   Current energy Av shift Mx shift   Funcs         Gradient
      0      42014.32422   0.0000   0.0000       1       1.3256e+06
     10       3262.95947   0.0882   2.8222      21          7060.49
     20        891.54028   0.0407   1.7366      41          2264.19
     30        703.72839   0.0054   0.2952      61          696.307
     40        641.03497   0.0009   0.0270      86          4258.31
     41        640.99255   0.0001   0.0046      88          3408.85
# Conjugate gradients optimization
#  Step   Current energy Av shift Mx shift   Funcs         Gradient
      0       6459.57861   0.0000   0.0000       1           340744
      1       6458.47559   0.0000   0.0033       7           654089
# Conjugate gradients optimization
#  Step   Current energy Av shift Mx shift   Funcs         Gradient
      0      32621.98828   0.0000   0.0000       1      1.63612e+07
     10      29998.08984   0.0321   0.9842      22      1.92752e+06
     20      22042.94531   0.0203   0.4741      42       1.6016e+06
     30      20137.49023   0.0033   0.1921      62           200803
     40      17697.98438   0.0047   0.1776      82           284571
     50      15818.12695   0.0014   0.1275     102           514000
     60      14018.66602   0.0035   0.1707     122           206891
     70      11456.43652   0.0453   1.2457     142      1.76501e+06
     80       6894.91992   0.0077   0.2436     163           261663
     90       5907.92725   0.0008   0.0822     183           238601
     99       5278.75781   0.0151   0.4133     201           203901
# Conjugate gradients optimization
#  Step   Current energy Av shift Mx shift   Funcs         Gradient
      0      11145.66113   0.0000   0.0000       1           524455
     10      10248.33594   0.0017   0.1022      21          94701.4
     20       8890.12207   0.0306   0.7039      41           782489
     30       6631.91113   0.0267   0.5520      61           337467
     40       4529.99170   0.0295   0.5508      81           300767
     50       3323.98950   0.0161   0.2542     101           236742
     60       2666.32812   0.0153   0.2394     121           104561
     70       2221.77295   0.0104   0.1975     141            75812
     80       1915.96094   0.0089   0.1788     161          52898.8
     90       1746.74048   0.0037   0.0632     182          24782.1
# Conjugate gradients optimization
#  Step   Current energy Av shift Mx shift   Funcs         Gradient
      0       1710.64526   0.0000   0.0000       1          15412.6
     10       1663.84473   0.0049   0.0640      21          20495.7
     20       1556.95923   0.0069   0.1007      41          14467.3
     30       1460.42004   0.0110   0.1528      61          29595.2
     40       1318.86206   0.0100   0.1257      81            18610
     50       1262.86719   0.0047   0.0679     103          17398.7
     60       1228.64221   0.0026   0.0318     123           4392.1
     70       1197.69250   0.0056   0.0711     143          7107.54
     80       1163.04492   0.0049   0.0615     163          4972.54
     90       1127.41797   0.0064   0.0728     183          6930.43
     99       1089.10840   0.0092   0.0972     201          9037.65
# Conjugate gradients optimization
#  Step   Current energy Av shift Mx shift   Funcs         Gradient
      0       1191.46912   0.0000   0.0000       1          10150.7
      1       1188.95032   0.0007   0.0083       3          5035.46
# Conjugate gradients optimization
#  Step   Current energy Av shift Mx shift   Funcs         Gradient
      0       1245.63550   0.0000   0.0000       1          5724.96
      1       1244.10913   0.0006   0.0064       3          5132.65
# Conjugate gradients optimization
#  Step   Current energy Av shift Mx shift   Funcs         Gradient
      0       1288.60217   0.0000   0.0000       1          5718.16
      1       1287.14661   0.0005   0.0065       3          4842.63
# Conjugate gradients optimization
#  Step   Current energy Av shift Mx shift   Funcs         Gradient
      0       1380.96802   0.0000   0.0000       1          6481.73
      1       1379.00525   0.0007   0.0099       3          7880.03
# Conjugate gradients optimization
#  Step   Current energy Av shift Mx shift   Funcs         Gradient
      0       2452.22900   0.0000   0.0000       1          31049.6
     10       2070.16724   0.0089   0.1412      21          63292.6
     20       1858.49670   0.0080   0.1015      41          33765.1
     30       1743.70105   0.0080   0.0893      61          17149.7
     40       1659.11658   0.0097   0.1074      81          13787.5
     50       1587.82727   0.0080   0.0711     101            16366
     60       1530.00720   0.0100   0.0937     121          12097.4
     70       1483.93542   0.0064   0.0727     141          7376.25
     80       1452.36523   0.0055   0.0660     161          5376.63
     90       1427.23987   0.0057   0.0554     181          5854.68
     98       1407.73267   0.0008   0.0077     198          3322.58
# Conjugate gradients optimization
#  Step   Current energy Av shift Mx shift   Funcs         Gradient
      0       1301.49951   0.0000   0.0000       1          4491.93
      1       1300.35779   0.0005   0.0064       3          3437.13
# Conjugate gradients optimization
#  Step   Current energy Av shift Mx shift   Funcs         Gradient
      0       4303.23340   0.0000   0.0000       1          86042.6
     10       3429.61621   0.0095   0.2110      21           137485
     20       2912.40723   0.0087   0.1350      42          89597.7
     30       2594.66406   0.0108   0.1577      62          54562.9
     40       2401.43140   0.0075   0.1143      82          30938.3
     50       2272.52026   0.0115   0.1549     102          29303.8
     60       2171.41846   0.0036   0.0603     123          16112.7
     70       2070.46021   0.0149   0.1350     143          25148.5
     80       1981.74854   0.0100   0.0846     164          12901.7
     90       1891.85144   0.0093   0.0690     184          19687.5
     99       1820.01917   0.0138   0.0965     201          14424.4
# Conjugate gradients optimization
#  Step   Current energy Av shift Mx shift   Funcs         Gradient
      0       2637.89380   0.0000   0.0000       1          39761.8
     10       2342.70728   0.0064   0.1691      21          50484.8
     20       2221.74512   0.0066   0.1206      41          29595.9
     30       2108.74243   0.0090   0.1605      61          19932.8
     40       2027.40515   0.0067   0.1054      81          14318.6
     50       1951.37549   0.0018   0.0148     102          6606.01
     60       1902.32532   0.0029   0.0422     122          5608.36
     70       1839.92297   0.0051   0.0829     142            10515
     80       1777.29846   0.0075   0.0844     162          12069.7
     90       1715.65515   0.0098   0.0685     182          12262.3
     98       1656.53552   0.0007   0.0064     199          4173.03
# Conjugate gradients optimization
#  Step   Current energy Av shift Mx shift   Funcs         Gradient
      0       3106.64038   0.0000   0.0000       1          42891.6
     10       2533.47510   0.0075   0.1780      21            58171
     20       2304.71631   0.0080   0.1936      42          26890.7
     30       2193.16504   0.0069   0.1013      62          21734.8
     40       2098.20166   0.0068   0.0885      82          14552.5
     50       2010.09778   0.0106   0.1282     102          28800.8
     60       1899.99890   0.0133   0.1507     122          23038.8
     70       1802.75732   0.0145   0.1552     142          21548.2
     80       1687.89270   0.0190   0.1843     162          22621.5
     90       1592.04004   0.0124   0.1227     182          18328.7
# Conjugate gradients optimization
#  Step   Current energy Av shift Mx shift   Funcs         Gradient
      0       1882.92102   0.0000   0.0000       1          18569.2
     10       1788.46362   0.0060   0.0977      21          17381.3
     20       1722.32129   0.0056   0.0606      41          10374.4
     30       1672.09985   0.0058   0.0668      61            10603
     40       1625.89685   0.0070   0.0791      81          7845.68
     50       1581.32239   0.0047   0.0322     102          10343.5
     60       1535.46240   0.0089   0.0698     123          10498.8
     68       1501.66724   0.0011   0.0081     140          3478.88
# Conjugate gradients optimization
#  Step   Current energy Av shift Mx shift   Funcs         Gradient
      0       4830.88672   0.0000   0.0000       1          79098.8
     10       3726.15918   0.0085   0.2430      21           146435
     20       3197.13965   0.0112   0.2490      41          68293.3
     30       2883.52466   0.0136   0.1972      61          68312.2
     40       2648.22192   0.0173   0.2378      81          45157.4
     50       2469.16211   0.0152   0.1690     101          32697.7
     60       2320.56104   0.0125   0.1376     121          20482.2
     70       2206.45068   0.0118   0.1109     141          23779.2
     80       2103.25903   0.0116   0.0917     161          20628.2
     90       2000.97351   0.0125   0.1046     181          16724.4
# Conjugate gradients optimization
#  Step   Current energy Av shift Mx shift   Funcs         Gradient
      0       4858.35547   0.0000   0.0000       1           137959
     10       3676.97388   0.0090   0.3726      21           152336
     20       3153.77075   0.0079   0.2489      41          51827.9
     30       2931.66528   0.0095   0.1771      61          38535.9
     40       2737.27124   0.0110   0.1541      81          37668.6
     50       2582.42627   0.0143   0.1547     101          34877.4
     60       2412.92749   0.0173   0.1402     121            34421
     70       2235.99927   0.0083   0.0646     141          16762.4
     80       2063.20190   0.0020   0.0334     162          14241.2
     90       2001.44580   0.0099   0.0733     183          12274.1
     99       1900.83435   0.0468   0.3465     201          52030.3
# Conjugate gradients optimization
#  Step   Current energy Av shift Mx shift   Funcs         Gradient
      0       2112.51489   0.0000   0.0000       1          59895.6
     10       2012.74878   0.0046   0.0384      21          16934.4
     20       1916.57324   0.0083   0.0621      41          14266.3
     30       1845.21143   0.0071   0.0538      61          11316.8
     40       1787.24854   0.0068   0.0480      81          10608.3
     50       1751.46704   0.0020   0.0184     102          4470.05
     60       1727.82703   0.0034   0.0261     122          4388.37
     70       1700.92883   0.0050   0.0364     143          5229.57
     80       1667.27258   0.0126   0.1052     164          14821.8
     90       1622.52991   0.0176   0.1448     184          18483.6
     99       1548.48657   0.0168   0.1358     201          14696.5
# Conjugate gradients optimization
#  Step   Current energy Av shift Mx shift   Funcs         Gradient
      0       1674.19861   0.0000   0.0000       1          37886.2
     10       1594.85767   0.0042   0.0554      21          15212.1
     20       1550.41931   0.0039   0.0362      41             7018
     30       1524.91858   0.0035   0.0333      61          4490.04
     40       1506.39941   0.0041   0.0367      81          3635.26
     50       1490.07532   0.0036   0.0297     101           3485.4
     60       1469.49609   0.0087   0.0600     121          5227.77
     70       1441.10474   0.0103   0.0629     142           6106.8
     80       1412.36096   0.0108   0.0604     162          5753.32
     90       1379.61060   0.0101   0.0610     182          6378.04
     93       1372.56152   0.0009   0.0068     189          2290.31
# Conjugate gradients optimization
#  Step   Current energy Av shift Mx shift   Funcs         Gradient
      0       1634.83838   0.0000   0.0000       1          12074.5
     10       1496.15271   0.0049   0.0845      21            16115
     20       1440.12891   0.0034   0.0491      41          6112.85
     30       1417.39062   0.0033   0.0377      61          3532.46
     40       1397.60999   0.0036   0.0374      81          3032.64
# Conjugate gradients optimization
#  Step   Current energy Av shift Mx shift   Funcs         Gradient
      0       2241.15381   0.0000   0.0000       1          26124.7
     10       1892.91504   0.0073   0.1484      21          50990.3
     20       1734.45850   0.0010   0.0222      42          6285.85
     23       1726.80847   0.0005   0.0076      48           2833.2
# Conjugate gradients optimization
#  Step   Current energy Av shift Mx shift   Funcs         Gradient
      0       3211.95361   0.0000   0.0000       1          57017.7
     10       2557.55396   0.0112   0.1822      21          91014.9
     20       2271.99219   0.0040   0.0373      42          34706.7
     30       2094.08374   0.0088   0.0997      62          38948.3
     40       1911.10168   0.0177   0.2047      83          47682.4
     50       1779.68994   0.0119   0.1299     103            16892
     60       1704.09094   0.0109   0.0963     123          13669.3
     70       1627.01685   0.0178   0.1522     143          11817.5
     80       1562.29004   0.0199   0.1664     164          29641.1
     90       1532.27222   0.0038   0.0299     184          5523.96
     99       1502.04138   0.0120   0.0650     201            11846
# Conjugate gradients optimization
#  Step   Current energy Av shift Mx shift   Funcs         Gradient
      0       1726.31702   0.0000   0.0000       1          16051.2
     10       1630.00696   0.0054   0.1295      21          26826.8
     20       1561.61023   0.0049   0.1026      41          9792.71
     30       1524.13721   0.0046   0.0665      61          6588.63
     40       1495.51819   0.0057   0.0683      82          7282.79
     50       1476.00830   0.0035   0.0381     103          7413.04
     52       1472.89880   0.0011   0.0096     107          2385.42
# Conjugate gradients optimization
#  Step   Current energy Av shift Mx shift   Funcs         Gradient
      0       1595.43286   0.0000   0.0000       1          16903.4
     10       1513.64087   0.0025   0.0413      21          6526.45
     16       1500.96252   0.0007   0.0076      34          2633.24
# Conjugate gradients optimization
#  Step   Current energy Av shift Mx shift   Funcs         Gradient
      0       1571.92664   0.0000   0.0000       1          32783.6
     10       1515.62549   0.0023   0.0327      21          4167.45
     13       1509.53943   0.0007   0.0080      28          3172.97
# Conjugate gradients optimization
#  Step   Current energy Av shift Mx shift   Funcs         Gradient
      0       1516.94226   0.0000   0.0000       1          6337.84
      5       1510.66479   0.0006   0.0084      11          1460.82
# Molecular dynamics simulation at 150.00 K
#  Step   Current energy Av shift Mx shift   Kinetic energy    Kinetic temp.
      0       1510.66479   0.0000   0.0000        958.20929        157.22255
     10       2051.57129   0.0161   0.0500        567.90985         93.18240
     20       2170.46777   0.0190   0.0653        793.85376        130.25517
     30       2266.37329   0.0193   0.0641        812.31525        133.28433
     40       2271.57739   0.0202   0.0594        900.93494        147.82500
     50       2318.74097   0.0197   0.0621        843.34515        138.37570
# Molecular dynamics simulation at 400.00 K
#  Step   Current energy Av shift Mx shift   Kinetic energy    Kinetic temp.
      0       2318.74097   0.0000   0.0000        914.19086        150.00003
     10       2310.85571   0.0209   0.0583        958.72266        157.30679
     20       2891.95996   0.0287   0.0848       1825.74023        299.56665
     30       3184.57642   0.0327   0.1019       2365.87085        388.19104
     40       3185.38135   0.0316   0.0854       2210.79321        362.74597
     50       3376.43237   0.0331   0.0958       2417.40332        396.64645
# Molecular dynamics simulation at 1000.00 K
#  Step   Current energy Av shift Mx shift   Kinetic energy    Kinetic temp.
      0       3376.43237   0.0000   0.0000       2437.84204        400.00003
     10       3290.23779   0.0325   0.0946       2340.34717        384.00311
     20       4775.06152   0.0472   0.1355       4957.68457        813.45471
     30       5048.27588   0.0505   0.1645       5714.42383        937.62012
     40       5548.59912   0.0501   0.1637       5669.84082        930.30499
     50       5584.64502   0.0514   0.1632       5937.90430        974.28870
# Molecular dynamics simulation at 1000.00 K
#  Step   Current energy Av shift Mx shift   Kinetic energy    Kinetic temp.
      0       5584.64502   0.0000   0.0000       6094.59668        999.99872
     10       5720.42285   0.0509   0.1621       5873.51074        963.72302
     20       5813.44580   0.0516   0.1807       6018.90381        987.57904
     30       5881.10840   0.0498   0.1526       5696.17773        934.62634
     40       6043.08301   0.0500   0.1885       5691.30615        933.82697
     50       6070.68164   0.0493   0.1810       5525.34082        906.59546
     60       6013.45703   0.0501   0.1559       5671.05518        930.50421
     70       5887.77588   0.0498   0.1769       5662.78662        929.14752
     80       5947.09473   0.0503   0.1695       5685.22510        932.82922
     90       5853.17139   0.0504   0.1844       5717.50439        938.12561
    100       5884.30908   0.0500   0.1623       5667.58887        929.93549
    110       5902.98779   0.0524   0.2008       6218.14648       1020.27069
    120       5998.70020   0.0516   0.1766       6036.92334        990.53571
    130       6006.26465   0.0516   0.1693       6030.91943        989.55060
    140       6075.27832   0.0518   0.1889       6095.15332       1000.09003
    150       6038.86230   0.0514   0.1725       5983.84473        981.82660
    160       6157.30371   0.0514   0.1990       5968.15088        979.25153
    170       6179.10498   0.0515   0.1844       5985.32227        982.06903
    180       6186.00635   0.0514   0.1598       5939.18408        974.49872
    190       6282.80029   0.0505   0.1939       5783.36377        948.93176
    200       6157.85498   0.0512   0.1695       5928.73633        972.78442
    210       6298.74072   0.0517   0.1828       5985.79248        982.14618
    220       6316.12500   0.0512   0.1705       5854.18994        960.55292
    230       6325.60352   0.0516   0.1766       5945.66211        975.56158
    240       6189.08984   0.0519   0.1673       6022.67236        988.19739
    250       6322.67090   0.0513   0.1808       5871.31445        963.36267
    260       6319.81299   0.0517   0.1708       5960.19141        977.94556
    270       6353.38672   0.0512   0.1666       5839.39404        958.12518
    280       6174.31250   0.0517   0.1826       6001.12402        984.66174
    290       6213.49756   0.0524   0.1584       6074.17334        996.64764
    300       6376.72510   0.0514   0.1687       5900.02979        968.07428
# Molecular dynamics simulation at 800.00 K
#  Step   Current energy Av shift Mx shift   Kinetic energy    Kinetic temp.
      0       6376.72510   0.0000   0.0000       6094.60352        999.99982
     10       6373.17529   0.0522   0.1593       6020.31445        987.81055
     20       6362.62891   0.0523   0.2237       6058.23096        994.03186
     30       6498.97412   0.0517   0.1662       5913.46240        970.27826
     40       6377.33789   0.0518   0.1683       5975.05762        980.38483
     50       6496.00439   0.0522   0.1638       5996.55566        983.91217
     60       6501.79590   0.0518   0.1637       5915.94238        970.68518
     70       6550.54150   0.0518   0.1748       5905.37207        968.95081
     80       6622.47852   0.0515   0.1718       5852.23682        960.23242
     90       6550.91699   0.0519   0.1513       5919.91406        971.33685
    100       6586.40869   0.0512   0.1547       5821.10400        955.12415
    110       6340.60352   0.0486   0.1640       5196.75049        852.68054
    120       6123.55664   0.0495   0.1541       5410.05371        887.67920
    130       6199.39209   0.0491   0.1687       5316.78418        872.37561
    140       6104.69531   0.0494   0.1556       5403.02051        886.52521
    150       6096.68799   0.0500   0.1491       5500.88525        902.58282
    160       6018.92383   0.0498   0.1625       5428.87842        890.76794
    170       6188.43359   0.0493   0.1556       5347.46484        877.40967
    180       5954.39502   0.0503   0.1515       5569.54932        913.84918
    190       6133.52734   0.0498   0.1521       5450.38135        894.29614
    200       6008.16846   0.0500   0.1660       5515.46240        904.97461
    210       5832.92627   0.0480   0.1591       5090.20508        835.19861
    220       5886.57959   0.0476   0.1383       4987.90527        818.41327
    230       5782.04053   0.0483   0.1602       5113.06934        838.95013
    240       5773.28662   0.0483   0.1388       5140.55176        843.45947
    250       5807.12793   0.0476   0.1583       5048.58203        828.36908
    260       5852.69824   0.0476   0.1603       4976.50830        816.54327
    270       5894.94043   0.0478   0.1571       5020.15088        823.70410
    280       5834.27588   0.0480   0.1476       5084.39307        834.24493
    290       5881.31299   0.0477   0.1840       5027.60352        824.92694
    300       5938.96387   0.0478   0.1411       5033.58398        825.90820
# Molecular dynamics simulation at 500.00 K
#  Step   Current energy Av shift Mx shift   Kinetic energy    Kinetic temp.
      0       5938.96387   0.0000   0.0000       4875.68604        800.00043
     10       5802.74854   0.0476   0.1337       4954.23975        812.88947
     20       5783.62305   0.0475   0.1615       5023.44727        824.24500
     30       5784.44824   0.0474   0.1349       4903.66357        804.59094
     40       5744.55615   0.0477   0.1273       4983.23047        817.64624
     50       5709.47217   0.0479   0.1440       5028.45654        825.06689
     60       5778.90332   0.0474   0.1482       4932.85693        809.38098
     70       5791.21191   0.0477   0.1367       4980.71436        817.23340
     80       5720.39746   0.0474   0.1746       4945.13184        811.39502
     90       5741.17334   0.0477   0.1540       5004.93506        821.20752
    100       5708.81543   0.0479   0.1518       5016.83984        823.16083
    110       4863.54541   0.0426   0.1144       4000.06396        656.32874
    120       4819.62207   0.0417   0.1272       3821.22192        626.98438
    130       4955.32129   0.0419   0.1255       3868.74634        634.78217
    140       4792.09131   0.0426   0.1451       3974.67017        652.16211
    150       4909.55176   0.0422   0.1249       3927.98755        644.50244
    160       4898.38867   0.0423   0.1262       3936.88940        645.96307
    170       4961.97119   0.0419   0.1168       3849.44458        631.61517
    180       4882.65088   0.0424   0.1265       3962.98340        650.24457
    190       4902.44629   0.0418   0.1417       3857.21558        632.89020
    200       4883.11133   0.0424   0.1477       3950.86060        648.25543
    210       4413.28809   0.0398   0.1196       3474.33276        570.06696
    220       4433.29248   0.0398   0.1268       3444.82104        565.22473
    230       4466.40771   0.0401   0.1149       3487.94507        572.30048
    240       4384.58496   0.0399   0.1278       3498.18726        573.98102
    250       4409.51074   0.0402   0.1528       3542.42188        581.23901
    260       4419.39111   0.0400   0.1184       3529.93872        579.19080
    270       4388.58105   0.0398   0.1280       3470.43457        569.42737
    280       4402.14941   0.0404   0.1137       3524.95386        578.37286
    290       4392.05908   0.0401   0.1157       3486.27930        572.02716
    300       4349.49219   0.0406   0.1396       3582.88208        587.87769
# Molecular dynamics simulation at 300.00 K
#  Step   Current energy Av shift Mx shift   Kinetic energy    Kinetic temp.
      0       4349.49219   0.0000   0.0000       3047.30078        499.99976
     10       4236.37207   0.0378   0.1085       3130.72168        513.68744
     20       4197.63867   0.0382   0.1014       3193.00610        523.90704
     30       4165.01855   0.0383   0.1229       3215.89429        527.66254
     40       4192.27490   0.0382   0.1126       3176.31958        521.16913
     50       4208.79346   0.0382   0.1260       3208.48364        526.44659
     60       4112.70752   0.0387   0.1265       3243.71411        532.22717
     70       4203.15820   0.0384   0.1160       3214.53784        527.43994
     80       4106.55908   0.0386   0.1253       3269.41504        536.44415
     90       4165.92871   0.0384   0.1120       3216.50415        527.76257
    100       4155.29443   0.0382   0.1439       3206.83179        526.17554
    110       3494.41357   0.0343   0.1232       2556.22827        419.42480
    120       3462.05029   0.0337   0.1188       2478.41797        406.65771
    130       3616.97510   0.0334   0.0892       2429.24780        398.58990
    140       3468.75488   0.0340   0.0946       2524.30786        414.18732
    150       3581.79199   0.0338   0.0936       2484.23145        407.61160
    160       3441.50977   0.0343   0.0898       2549.70117        418.35385
    170       3559.21948   0.0333   0.1041       2460.90259        403.78381
    180       3477.52783   0.0342   0.0974       2546.40894        417.81366
    190       3496.40479   0.0342   0.1054       2540.91797        416.91269
    200       3508.76465   0.0337   0.0977       2500.00366        410.19949
    210       3210.05469   0.0314   0.0889       2160.76440        354.53726
    220       3227.69702   0.0312   0.0870       2130.61255        349.58997
    230       3161.88208   0.0316   0.1004       2200.82007        361.10959
    240       3154.43213   0.0317   0.0997       2186.16650        358.70523
    250       3139.64551   0.0321   0.1017       2249.92041        369.16595
    260       3182.73315   0.0316   0.1053       2182.90479        358.17004
    270       3180.72827   0.0317   0.1141       2174.10498        356.72617
    280       3202.33203   0.0314   0.1212       2166.93091        355.54907
    290       3220.84058   0.0313   0.1006       2131.77051        349.77997
    300       3161.38574   0.0320   0.0863       2212.13745        362.96652
# Conjugate gradients optimization
#  Step   Current energy Av shift Mx shift   Funcs         Gradient
      0       3161.38574   0.0000   0.0000       1      3.12313e+06
     10       1453.52588   0.0118   0.0432      21          52120.3
     20       1278.61731   0.0084   0.0453      41          22019.2
     30       1201.90295   0.0065   0.0304      61          9323.37
     40       1160.20544   0.0058   0.0285      81          5896.71
     50       1131.81201   0.0057   0.0310     101          4490.51
     56       1118.88293   0.0010   0.0082     114          2284.37
