# Conjugate gradients optimization
#  Step   Current energy Av shift Mx shift   Funcs         Gradient
      0      12031.80371   0.0000   0.0000       1           426199
     10        546.09564   0.0285   0.7287      23          2378.77
     20        188.29039   0.0327   1.0984      43          561.447
     30         78.67570   0.0027   0.1380      63          78.4811
     40         57.52730   0.0121   0.2776      84          76.0683
     50         37.83050   0.0147   0.4034     104          45.3039
     60         27.48081   0.0038   0.0668     124          12.9224
     70         23.65611   0.0040   0.0748     144           16.954
     80         20.90368   0.0076   0.1455     164          5.64048
     90         17.69698   0.0126   0.2020     184          10.4662
     99         14.63993   0.0092   0.1309     201          5.15854
# Conjugate gradients optimization
#  Step   Current energy Av shift Mx shift   Funcs         Gradient
      0        187.09053   0.0000   0.0000       1          907.748
     10        169.51764   0.0075   0.1173      21          343.061
     20        152.37502   0.0130   0.2272      41          258.722
     30        135.93655   0.0055   0.1047      61          118.296
     40        123.65020   0.0083   0.1640      81          153.992
     50        117.89025   0.0025   0.0353     102          78.2774
     60        114.07642   0.0041   0.0463     122          61.1352
     70        110.93506   0.0039   0.0562     142          44.2772
     80        108.70975   0.0034   0.0540     162          41.7585
     82        108.35207   0.0009   0.0076     167          29.8324
# Conjugate gradients optimization
#  Step   Current energy Av shift Mx shift   Funcs         Gradient
      0        606.57300   0.0000   0.0000       1          1133.22
      1        605.91351   0.0005   0.0060       3          782.557
# Conjugate gradients optimization
#  Step   Current energy Av shift Mx shift   Funcs         Gradient
      0       1349.90527   0.0000   0.0000       1          5174.53
     10       1273.89941   0.0055   0.0767      21          11418.5
     20       1228.92590   0.0043   0.0593      41          8453.43
     30       1195.92444   0.0046   0.0535      61          5773.86
     40       1160.03186   0.0067   0.0756      81          7501.46
     50       1123.33948   0.0065   0.0776     101          7354.22
     60       1091.13684   0.0042   0.0553     121          2742.88
     70       1064.83337   0.0032   0.0442     141           3091.1
     76       1057.23840   0.0006   0.0056     153          2299.65
# Conjugate gradients optimization
#  Step   Current energy Av shift Mx shift   Funcs         Gradient
      0       1183.26562   0.0000   0.0000       1          3539.87
      2       1181.41235   0.0004   0.0068       5          2026.24
# Conjugate gradients optimization
#  Step   Current energy Av shift Mx shift   Funcs         Gradient
      0       1821.73145   0.0000   0.0000       1          17059.2
     10       1533.96533   0.0044   0.1151      21          30363.2
     20       1410.40454   0.0066   0.1354      41          30766.2
     30       1325.12341   0.0015   0.0204      62          10865.6
     40       1291.87195   0.0027   0.0611      82           6943.3
     50       1243.26123   0.0059   0.0807     102          12268.6
     60       1209.86670   0.0029   0.0312     122          6194.44
     68       1189.10510   0.0007   0.0085     139          1874.62
# Conjugate gradients optimization
#  Step   Current energy Av shift Mx shift   Funcs         Gradient
      0       1589.54175   0.0000   0.0000       1          8708.92
     10       1473.91211   0.0047   0.1025      21          16768.4
     20       1417.01660   0.0006   0.0102      42          2265.21
     21       1415.96753   0.0004   0.0070      44          1767.88
# Conjugate gradients optimization
#  Step   Current energy Av shift Mx shift   Funcs         Gradient
      0       1818.99487   0.0000   0.0000       1          5829.11
     10       1689.21338   0.0076   0.1500      21          38656.9
     20       1567.26062   0.0058   0.0924      41            21297
     30       1481.82410   0.0058   0.0648      61          15795.5
     40       1408.31982   0.0073   0.1226      82          14660.8
     50       1328.23645   0.0057   0.1176     102          10971.1
     60       1278.94446   0.0047   0.0735     122          11015.5
# Conjugate gradients optimization
#  Step   Current energy Av shift Mx shift   Funcs         Gradient
      0       1523.70239   0.0000   0.0000       1          7082.74
     10       1464.27551   0.0055   0.1004      21          8865.86
     20       1412.49304   0.0039   0.0550      41          8912.69
     30       1364.40613   0.0080   0.0963      61          9480.52
     40       1301.84375   0.0088   0.0966      81          11413.3
     50       1266.21289   0.0028   0.0269     102          8195.66
# Conjugate gradients optimization
#  Step   Current energy Av shift Mx shift   Funcs         Gradient
      0       1414.82544   0.0000   0.0000       1          4836.65
      5       1400.50269   0.0009   0.0097      11          2261.99
# Conjugate gradients optimization
#  Step   Current energy Av shift Mx shift   Funcs         Gradient
      0       1257.11890   0.0000   0.0000       1          3166.54
      2       1253.99207   0.0007   0.0098       5          1863.94
# Conjugate gradients optimization
#  Step   Current energy Av shift Mx shift   Funcs         Gradient
      0       2460.03564   0.0000   0.0000       1          32807.4
     10       2081.56885   0.0084   0.1157      21          52293.2
     20       1844.78125   0.0112   0.1178      41          48129.5
     30       1676.06055   0.0061   0.0598      61          16043.5
     40       1526.37134   0.0102   0.0830      81          23147.2
     50       1415.52661   0.0069   0.0636     101            16772
     60       1327.62622   0.0101   0.1101     121          14232.3
     70       1261.17053   0.0076   0.0749     141          10717.5
     80       1217.43237   0.0085   0.0843     161          7934.94
     90       1175.79578   0.0066   0.0591     181          7543.11
# Conjugate gradients optimization
#  Step   Current energy Av shift Mx shift   Funcs         Gradient
      0       1281.42957   0.0000   0.0000       1           7904.7
     10       1231.43127   0.0035   0.0443      21          8139.45
     20       1204.24426   0.0064   0.0674      41           4851.4
     22       1199.15784   0.0007   0.0076      46          2690.03
# Conjugate gradients optimization
#  Step   Current energy Av shift Mx shift   Funcs         Gradient
      0       1290.30115   0.0000   0.0000       1          5176.18
      4       1280.73596   0.0005   0.0066       9          2891.35
# Conjugate gradients optimization
#  Step   Current energy Av shift Mx shift   Funcs         Gradient
      0       1411.74316   0.0000   0.0000       1          7792.45
     10       1284.21704   0.0061   0.0906      21          10597.1
     17       1257.15308   0.0008   0.0096      35          2104.07
# Conjugate gradients optimization
#  Step   Current energy Av shift Mx shift   Funcs         Gradient
      0       1307.73865   0.0000   0.0000       1          3130.73
      6       1296.33240   0.0002   0.0046      13          1134.57
# Conjugate gradients optimization
#  Step   Current energy Av shift Mx shift   Funcs         Gradient
      0       1574.32996   0.0000   0.0000       1            14056
     10       1392.70959   0.0019   0.0193      22          16052.7
     20       1330.93774   0.0067   0.0572      42          18346.8
     30       1275.11914   0.0045   0.0217      62          7990.35
     40       1240.93335   0.0089   0.0527      83          20082.5
     43       1234.35876   0.0007   0.0070      89          2111.12
# Conjugate gradients optimization
#  Step   Current energy Av shift Mx shift   Funcs         Gradient
      0       1272.60217   0.0000   0.0000       1          2983.91
      1       1271.81104   0.0004   0.0053       3           2076.6
# Conjugate gradients optimization
#  Step   Current energy Av shift Mx shift   Funcs         Gradient
      0       1311.86340   0.0000   0.0000       1          3704.72
     10       1286.67896   0.0031   0.0381      21          8185.94
     20       1253.58032   0.0045   0.0314      41          5297.36
     28       1235.94897   0.0011   0.0069      57          2379.49
# Conjugate gradients optimization
#  Step   Current energy Av shift Mx shift   Funcs         Gradient
      0       1348.75757   0.0000   0.0000       1          7225.28
     10       1277.86731   0.0027   0.0442      21          9192.28
     20       1251.29895   0.0078   0.0956      41          21812.4
     22       1245.63867   0.0006   0.0100      45           2614.4
# Conjugate gradients optimization
#  Step   Current energy Av shift Mx shift   Funcs         Gradient
      0       1329.61865   0.0000   0.0000       1          5545.09
     10       1280.80469   0.0034   0.0429      21          7016.66
     20       1257.37671   0.0027   0.0428      41          4114.52
     25       1250.29199   0.0003   0.0040      51          1214.57
# Conjugate gradients optimization
#  Step   Current energy Av shift Mx shift   Funcs         Gradient
      0       1294.62659   0.0000   0.0000       1          2736.98
      1       1293.63623   0.0004   0.0079       3          3359.26
# Conjugate gradients optimization
#  Step   Current energy Av shift Mx shift   Funcs         Gradient
      0       1412.44006   0.0000   0.0000       1          6248.85
     10       1351.07776   0.0032   0.0626      21          7250.67
     20       1316.10522   0.0034   0.0475      41          7399.23
     30       1289.21216   0.0040   0.0587      61          5270.54
     40       1267.06567   0.0060   0.0645      82          4208.13
     50       1248.25977   0.0071   0.0567     102          3176.35
     60       1235.09119   0.0052   0.0419     122          3079.44
     67       1228.04065   0.0005   0.0053     136          712.902
# Conjugate gradients optimization
#  Step   Current energy Av shift Mx shift   Funcs         Gradient
      0       1262.00720   0.0000   0.0000       1          4035.09
     10       1236.92102   0.0017   0.0359      21          2331.77
     20       1227.99097   0.0014   0.0200      41          1592.13
     30       1220.39062   0.0026   0.0305      61          1397.49
     39       1215.27161   0.0003   0.0079      79           552.39
# Conjugate gradients optimization
#  Step   Current energy Av shift Mx shift   Funcs         Gradient
      0       1227.53162   0.0000   0.0000       1          5311.52
      4       1220.17725   0.0005   0.0091       9          1236.85
# Conjugate gradients optimization
#  Step   Current energy Av shift Mx shift   Funcs         Gradient
      0       1223.50452   0.0000   0.0000       1          2803.22
      2       1221.41785   0.0004   0.0064       5           1979.7
# Molecular dynamics simulation at 150.00 K
#  Step   Current energy Av shift Mx shift   Kinetic energy    Kinetic temp.
      0       1221.41785   0.0000   0.0000        975.52350        156.39438
     10       1796.77625   0.0159   0.0507        571.56219         91.63195
     20       1922.94153   0.0186   0.0537        788.50781        126.41232
     30       2043.08264   0.0189   0.0581        809.83258        129.83109
     40       2067.25610   0.0199   0.0579        895.91290        143.63133
     50       2146.74121   0.0196   0.0581        866.53845        138.92207
# Molecular dynamics simulation at 400.00 K
#  Step   Current energy Av shift Mx shift   Kinetic energy    Kinetic temp.
      0       2146.74121   0.0000   0.0000        935.63721        149.99988
     10       2137.75757   0.0207   0.0553        964.27936        154.59174
     20       2843.85962   0.0278   0.0887       1764.75110        282.92212
     30       3140.50122   0.0326   0.1028       2396.19702        384.15451
     40       3155.25391   0.0314   0.1038       2233.53223        358.07635
     50       3374.27905   0.0331   0.0941       2487.72192        398.82764
# Molecular dynamics simulation at 1000.00 K
#  Step   Current energy Av shift Mx shift   Kinetic energy    Kinetic temp.
      0       3374.27905   0.0000   0.0000       2495.03516        400.00009
     10       3373.87817   0.0323   0.1270       2355.38086        377.61093
     20       5137.04346   0.0452   0.1481       4669.81104        748.65674
     30       5674.86133   0.0498   0.1572       5695.08838        913.02759
     40       6118.26611   0.0509   0.1703       5911.69580        947.75372
     50       6140.61719   0.0508   0.1747       5946.06592        953.26385
# Molecular dynamics simulation at 1000.00 K
#  Step   Current energy Av shift Mx shift   Kinetic energy    Kinetic temp.
      0       6140.61719   0.0000   0.0000       6237.58105        999.99915
     10       6288.25488   0.0516   0.1846       6110.17139        979.57300
     20       6356.22363   0.0525   0.1766       6263.84229       1004.20929
     30       6320.74268   0.0511   0.1964       6003.85010        962.52777
     40       6558.03662   0.0513   0.1666       5967.56494        956.71057
     50       6466.56787   0.0516   0.1958       6015.73926        964.43378
     60       6670.40430   0.0510   0.1809       5875.46680        941.94556
     70       6613.60791   0.0509   0.1878       5785.62891        927.54285
     80       6611.58740   0.0507   0.1806       5764.36426        924.13379
     90       6601.46094   0.0508   0.1699       5861.62207        939.72595
    100       6565.42676   0.0507   0.1815       5752.78906        922.27802
    110       6857.17871   0.0521   0.1774       6080.53125        974.82117
    120       6705.10205   0.0526   0.1578       6222.50537        997.58221
    130       6981.09521   0.0516   0.1512       5996.08545        961.28296
    140       6819.51270   0.0523   0.1665       6109.34033        979.43976
    150       6967.87354   0.0521   0.1761       6070.07178        973.14429
    160       6901.07666   0.0518   0.1730       6028.84570        966.53503
    170       6641.69434   0.0529   0.1529       6248.83301       1001.80304
    180       6894.82178   0.0524   0.1645       6125.87891        982.09119
    190       6883.86572   0.0523   0.1973       6109.53613        979.47119
    200       6921.44678   0.0519   0.1491       6033.32422        967.25299
    210       7117.91797   0.0524   0.1623       6184.36035        991.46686
    220       6898.26807   0.0530   0.1691       6230.62451        998.88385
    230       6973.21631   0.0529   0.1610       6241.16846       1000.57428
    240       7079.36328   0.0519   0.1570       6023.39844        965.66168
    250       7046.52539   0.0522   0.1592       6113.23389        980.06396
    260       7013.36523   0.0530   0.1473       6193.83105        992.98517
    270       6991.06104   0.0527   0.1506       6207.06543        995.10693
    280       6904.77637   0.0529   0.1691       6223.56299        997.75177
    290       6994.30029   0.0526   0.1584       6190.93896        992.52155
    300       6994.47412   0.0524   0.1504       6108.76172        979.34698
# Molecular dynamics simulation at 800.00 K
#  Step   Current energy Av shift Mx shift   Kinetic energy    Kinetic temp.
      0       6994.47412   0.0000   0.0000       6237.58301        999.99945
     10       6998.48975   0.0526   0.1718       6243.87256       1001.00775
     20       7007.08350   0.0528   0.1661       6185.49268        991.64838
     30       6991.72754   0.0531   0.1517       6276.27246       1006.20209
     40       6788.81299   0.0539   0.1528       6433.21338       1031.36255
     50       7080.04590   0.0530   0.1521       6228.74805        998.58301
     60       6929.99023   0.0533   0.1617       6296.54102       1009.45148
     70       6981.68896   0.0532   0.1737       6294.96973       1009.19958
     80       7083.65527   0.0531   0.1402       6283.87744       1007.42126
     90       7071.22412   0.0524   0.1484       6136.95752        983.86731
    100       7278.41553   0.0525   0.1370       6144.15479        985.02118
    110       6635.38135   0.0501   0.1459       5566.66064        892.43823
    120       6741.80859   0.0490   0.1602       5399.06006        865.56879
    130       6587.06592   0.0499   0.1493       5535.75146        887.48291
    140       6554.39941   0.0499   0.1428       5560.59814        891.46631
    150       6619.28418   0.0498   0.1405       5510.16895        883.38159
    160       6594.54785   0.0496   0.1808       5507.26367        882.91577
    170       6604.99902   0.0497   0.1561       5483.65137        879.13031
    180       6608.00049   0.0501   0.1572       5549.48682        889.68494
    190       6593.37061   0.0499   0.1441       5567.22949        892.52942
    200       6512.20410   0.0504   0.1377       5636.74219        903.67358
    210       6142.52002   0.0490   0.1395       5355.34131        858.55988
    220       6239.79639   0.0483   0.1311       5207.73633        834.89606
    230       6251.83936   0.0487   0.1511       5250.65283        841.77637
    240       6263.56445   0.0487   0.1345       5283.57178        847.05389
    250       6326.44238   0.0487   0.1360       5255.58887        842.56769
    260       6188.44043   0.0487   0.1472       5295.55029        848.97424
    270       6282.21191   0.0486   0.1389       5227.08838        837.99854
    280       6298.08496   0.0485   0.1306       5216.52148        836.30444
    290       6283.17090   0.0483   0.1344       5196.35352        833.07117
    300       6188.58984   0.0488   0.1294       5314.93066        852.08130
# Molecular dynamics simulation at 500.00 K
#  Step   Current energy Av shift Mx shift   Kinetic energy    Kinetic temp.
      0       6188.58984   0.0000   0.0000       4990.07080        800.00024
     10       6074.75586   0.0478   0.1483       5094.06494        816.67242
     20       6028.82227   0.0480   0.1365       5136.80225        823.52399
     30       6008.85791   0.0482   0.1371       5197.35889        833.23236
     40       6140.56543   0.0477   0.1399       5091.33008        816.23401
     50       6037.49902   0.0483   0.1469       5158.31006        826.97211
     60       6035.58643   0.0484   0.1382       5191.97852        832.36981
     70       5978.28076   0.0480   0.1541       5147.75586        825.28009
     80       6105.08984   0.0478   0.1307       5091.36230        816.23914
     90       6069.74023   0.0479   0.1322       5106.77588        818.71021
    100       6183.85693   0.0477   0.1416       5040.22852        808.04144
    110       5149.41797   0.0435   0.1123       4197.52246        672.94019
    120       5003.18066   0.0433   0.1171       4187.72900        671.37012
    130       5118.89990   0.0437   0.1296       4245.19629        680.58313
    140       5227.86523   0.0429   0.1304       4093.80762        656.31274
    150       5231.14502   0.0431   0.1197       4157.67676        666.55219
    160       5149.13086   0.0428   0.1182       4100.04736        657.31311
    170       5217.01709   0.0431   0.1292       4103.35449        657.84332
    180       5119.40820   0.0435   0.1353       4199.53711        673.26312
    190       5311.16797   0.0426   0.1342       4032.17578        646.43207
    200       5165.31738   0.0434   0.1279       4174.54248        669.25604
    210       4643.63965   0.0405   0.1246       3644.28784        584.24646
    220       4627.96973   0.0402   0.1279       3624.94556        581.14551
    230       4655.04346   0.0401   0.1155       3577.68506        573.56879
    240       4651.70166   0.0403   0.1205       3618.81201        580.16223
    250       4663.24463   0.0404   0.1089       3623.75244        580.95428
    260       4611.98975   0.0405   0.1176       3626.67407        581.42267
    270       4546.33057   0.0410   0.1236       3758.08594        602.49042
    280       4689.40625   0.0402   0.1084       3595.67456        576.45288
    290       4732.83984   0.0401   0.1189       3574.03638        572.98389
    300       4624.38574   0.0403   0.1121       3608.27002        578.47217
# Molecular dynamics simulation at 300.00 K
#  Step   Current energy Av shift Mx shift   Kinetic energy    Kinetic temp.
      0       4624.38574   0.0000   0.0000       3118.79590        500.00043
     10       4464.91309   0.0385   0.1048       3302.33252        529.42474
     20       4468.07178   0.0389   0.1079       3349.21240        536.94043
     30       4361.18701   0.0391   0.1037       3379.42578        541.78418
     40       4353.62988   0.0395   0.1028       3468.77661        556.10876
     50       4315.85303   0.0394   0.1263       3440.01538        551.49780
     60       4412.07275   0.0389   0.1017       3359.40771        538.57495
     70       4420.10986   0.0388   0.1091       3348.80103        536.87451
     80       4407.91895   0.0390   0.1029       3371.74609        540.55298
     90       4474.45850   0.0386   0.1113       3299.86108        529.02850
    100       4408.11523   0.0389   0.1023       3357.22266        538.22461
    110       3753.90283   0.0344   0.0988       2621.95459        420.34763
    120       3680.79883   0.0340   0.0991       2573.10498        412.51611
    130       3710.04199   0.0345   0.0993       2631.59888        421.89377
    140       3653.00854   0.0345   0.0939       2653.24585        425.36417
    150       3718.52686   0.0344   0.0933       2630.74414        421.75674
    160       3682.69409   0.0345   0.1108       2651.51685        425.08698
    170       3753.78003   0.0340   0.0986       2575.48462        412.89761
    180       3714.97534   0.0343   0.0901       2608.69995        418.22266
    190       3673.66382   0.0344   0.1032       2636.45557        422.67239
    200       3693.88892   0.0344   0.0952       2627.65625        421.26169
    210       3316.70312   0.0320   0.0908       2267.08008        363.45468
    220       3294.49561   0.0316   0.0804       2218.70850        355.69983
    230       3317.01074   0.0318   0.0870       2247.91333        360.38190
    240       3357.38110   0.0316   0.1019       2230.40869        357.57559
    250       3369.33008   0.0316   0.0914       2215.42554        355.17352
    260       3323.99536   0.0317   0.0907       2227.24170        357.06787
    270       3358.03003   0.0313   0.0938       2174.87451        348.67245
    280       3368.19458   0.0312   0.1107       2178.30786        349.22287
    290       3286.01416   0.0319   0.0915       2273.54688        364.49142
    300       3331.38647   0.0318   0.0824       2228.96802        357.34464
# Conjugate gradients optimization
#  Step   Current energy Av shift Mx shift   Funcs         Gradient
      0       3331.38647   0.0000   0.0000       1      3.28815e+06
     10       1511.78516   0.0115   0.0445      22          58994.7
     20       1337.45959   0.0105   0.0460      42          15843.1
     30       1266.29724   0.0065   0.0369      62          9058.51
     40       1226.17334   0.0066   0.0437      82          5860.96
     50       1203.37805   0.0025   0.0167     102          4485.18
     57       1193.92383   0.0020   0.0099     116          2559.86
