# Conjugate gradients optimization
#  Step   Current energy Av shift Mx shift   Funcs         Gradient
      0      17339.49414   0.0000   0.0000       1           652353
     10        649.90277   0.0869   2.2560      21          4894.93
     20        303.89587   0.0247   0.5512      41          744.815
     30        227.00494   0.0039   0.4421      63          188.811
     40        127.19643   0.0103   0.3000      84          206.695
     50         91.98811   0.0057   0.1737     104          144.682
     60         75.15388   0.0094   0.1711     125          26.9604
     70         50.92572   0.0029   0.1447     145          18.9555
     80         41.79549   0.0040   0.0897     165          18.7118
     90         29.69740   0.0094   0.1984     185          18.4795
     98         24.62774   0.0100   0.2052     201          13.5295
# Conjugate gradients optimization
#  Step   Current energy Av shift Mx shift   Funcs         Gradient
      0        303.54449   0.0000   0.0000       1          1643.77
     10        278.68948   0.0009   0.0291      21          143.076
     20        239.20638   0.0086   0.1025      41          1094.06
     30        205.73265   0.0099   0.1330      62          346.296
     40        196.70152   0.0179   0.2239      82          863.605
     50        187.08908   0.0063   0.1163     102          229.257
     60        177.40082   0.0018   0.0285     124          70.6264
     70        172.66228   0.0060   0.1061     144          147.455
     77        166.63136   0.0008   0.0093     160          31.3855
# Conjugate gradients optimization
#  Step   Current energy Av shift Mx shift   Funcs         Gradient
      0        978.52185   0.0000   0.0000       1          1517.71
     10        921.18964   0.0099   0.1196      21          8821.08
     20        840.54315   0.0052   0.0388      42          7973.93
     30        782.84631   0.0093   0.0786      62          9055.35
     40        699.05286   0.0155   0.1846      82          6973.87
     50        640.38574   0.0116   0.1033     102          5721.98
     60        612.48267   0.0039   0.0404     122          3632.83
     64        607.61011   0.0009   0.0080     130          1105.98
# Conjugate gradients optimization
#  Step   Current energy Av shift Mx shift   Funcs         Gradient
      0       1300.41016   0.0000   0.0000       1          5400.47
      1       1299.05762   0.0005   0.0061       3          2677.57
# Conjugate gradients optimization
#  Step   Current energy Av shift Mx shift   Funcs         Gradient
      0       1383.83948   0.0000   0.0000       1          4143.96
      1       1382.35486   0.0006   0.0089       3          6055.37
# Conjugate gradients optimization
#  Step   Current energy Av shift Mx shift   Funcs         Gradient
      0       1613.49817   0.0000   0.0000       1          11343.4
     10       1499.24207   0.0012   0.0193      21          8203.36
     16       1472.24683   0.0005   0.0089      33          2864.77
# Conjugate gradients optimization
#  Step   Current energy Av shift Mx shift   Funcs         Gradient
      0       2316.61377   0.0000   0.0000       1          24158.4
     10       1885.29395   0.0093   0.2040      21          60172.9
     20       1678.94116   0.0072   0.1155      41          26362.3
     30       1598.47778   0.0010   0.0236      61          8715.44
     40       1568.04089   0.0005   0.0121      81          2880.02
     46       1561.18201   0.0003   0.0065      93          1299.76
# Conjugate gradients optimization
#  Step   Current energy Av shift Mx shift   Funcs         Gradient
      0       1911.85730   0.0000   0.0000       1          6161.56
     10       1774.13403   0.0079   0.1871      21          57262.1
     20       1632.82410   0.0055   0.1044      41          19547.1
     30       1548.78650   0.0068   0.0939      61          16310.5
     40       1467.51233   0.0090   0.1295      81          14864.1
     50       1409.67908   0.0060   0.0586     101          10384.8
     59       1366.56531   0.0007   0.0072     119          2877.92
# Conjugate gradients optimization
#  Step   Current energy Av shift Mx shift   Funcs         Gradient
      0       1792.23840   0.0000   0.0000       1          9926.56
     10       1695.30359   0.0051   0.1173      21          36293.7
     20       1624.62988   0.0013   0.0215      42          5545.29
     25       1610.82837   0.0006   0.0064      52          2534.13
# Conjugate gradients optimization
#  Step   Current energy Av shift Mx shift   Funcs         Gradient
      0       2249.47754   0.0000   0.0000       1          12345.9
     10       2074.42627   0.0062   0.0773      21          38235.2
     20       1890.96252   0.0076   0.1106      41          28533.6
     30       1761.75708   0.0084   0.1200      61          25141.5
     40       1661.40796   0.0082   0.1154      81          23699.6
     50       1570.72339   0.0088   0.1296     101          12261.7
     60       1502.07971   0.0096   0.1270     121          11776.1
     70       1444.70459   0.0059   0.0589     141          10525.5
     80       1390.84216   0.0080   0.0748     161          9117.62
     90       1346.57922   0.0079   0.0748     181          7385.04
# Conjugate gradients optimization
#  Step   Current energy Av shift Mx shift   Funcs         Gradient
      0       1234.26782   0.0000   0.0000       1          6291.35
      1       1232.73047   0.0006   0.0069       3          3663.95
# Conjugate gradients optimization
#  Step   Current energy Av shift Mx shift   Funcs         Gradient
      0       2892.45386   0.0000   0.0000       1          67182.7
     10       2179.82227   0.0067   0.1264      21          61777.2
     20       1900.50256   0.0072   0.1692      41          39363.5
     30       1787.57812   0.0020   0.0320      62          11387.6
     40       1716.64990   0.0128   0.1385      82            14190
     50       1614.15540   0.0109   0.1120     102          24605.9
     60       1499.35217   0.0168   0.1790     122          21032.9
     70       1416.55908   0.0072   0.0738     142          8247.85
     80       1365.51086   0.0074   0.0792     162            11269
     90       1318.86523   0.0087   0.0944     182          7849.67
     98       1290.02502   0.0011   0.0094     199          4269.77
# Conjugate gradients optimization
#  Step   Current energy Av shift Mx shift   Funcs         Gradient
      0       1356.52075   0.0000   0.0000       1          5903.09
      5       1341.20105   0.0005   0.0050      11          2613.58
# Conjugate gradients optimization
#  Step   Current energy Av shift Mx shift   Funcs         Gradient
      0       1469.50952   0.0000   0.0000       1          6306.55
     10       1386.45532   0.0026   0.0286      21          8635.57
     20       1343.46838   0.0037   0.0305      41          7178.84
     30       1317.26855   0.0037   0.0322      61          6469.35
# Conjugate gradients optimization
#  Step   Current energy Av shift Mx shift   Funcs         Gradient
      0       1420.61035   0.0000   0.0000       1          5210.64
     10       1381.99402   0.0028   0.0654      21          6970.77
     20       1351.97144   0.0081   0.0791      41          18602.9
     24       1342.71899   0.0010   0.0092      49          2929.65
# Conjugate gradients optimization
#  Step   Current energy Av shift Mx shift   Funcs         Gradient
      0       1717.55713   0.0000   0.0000       1          13788.9
     10       1504.77380   0.0066   0.1828      21            38353
     20       1400.87280   0.0048   0.0782      41          13021.5
     30       1351.78345   0.0030   0.0319      61          6327.36
     38       1331.12561   0.0006   0.0077      78          2701.36
# Conjugate gradients optimization
#  Step   Current energy Av shift Mx shift   Funcs         Gradient
      0       1541.86914   0.0000   0.0000       1          11190.1
     10       1438.72473   0.0043   0.0688      21            14217
     20       1392.56946   0.0008   0.0103      42          2459.32
     21       1391.63342   0.0007   0.0063      44          2939.65
# Conjugate gradients optimization
#  Step   Current energy Av shift Mx shift   Funcs         Gradient
      0       1456.29333   0.0000   0.0000       1           4725.4
      4       1448.21143   0.0003   0.0056       9          1967.32
# Conjugate gradients optimization
#  Step   Current energy Av shift Mx shift   Funcs         Gradient
      0       1538.25916   0.0000   0.0000       1          4689.04
     10       1477.82361   0.0007   0.0162      21           6818.3
     20       1415.33154   0.0087   0.0911      41          15427.8
     30       1376.94153   0.0051   0.0496      61          4794.07
     40       1347.40259   0.0045   0.0374      81          4780.86
     50       1333.27112   0.0023   0.0169     101          3077.34
     53       1330.38892   0.0003   0.0038     108          1181.98
# Conjugate gradients optimization
#  Step   Current energy Av shift Mx shift   Funcs         Gradient
      0       1436.54700   0.0000   0.0000       1          4220.98
     10       1394.16943   0.0012   0.0158      21          3785.29
     20       1370.02124   0.0018   0.0145      41          1666.31
     23       1365.95068   0.0016   0.0092      47          3210.61
# Conjugate gradients optimization
#  Step   Current energy Av shift Mx shift   Funcs         Gradient
      0       1438.39624   0.0000   0.0000       1          6300.36
     10       1396.59351   0.0009   0.0117      21          3792.33
     20       1378.45776   0.0030   0.0295      41          3547.45
     30       1361.32043   0.0024   0.0137      61          2839.73
     33       1357.97180   0.0005   0.0079      67          1391.16
# Conjugate gradients optimization
#  Step   Current energy Av shift Mx shift   Funcs         Gradient
      0       1365.84888   0.0000   0.0000       1          1563.58
      1       1365.34570   0.0004   0.0049       3          1336.43
# Conjugate gradients optimization
#  Step   Current energy Av shift Mx shift   Funcs         Gradient
      0       1418.42932   0.0000   0.0000       1             2457
      1       1417.64453   0.0005   0.0061       3          2895.14
# Conjugate gradients optimization
#  Step   Current energy Av shift Mx shift   Funcs         Gradient
      0       1772.08569   0.0000   0.0000       1          54354.6
     10       1478.16125   0.0045   0.1008      21          18007.2
     20       1428.13477   0.0007   0.0155      41          1954.18
     29       1414.92749   0.0009   0.0087      59          1757.38
# Conjugate gradients optimization
#  Step   Current energy Av shift Mx shift   Funcs         Gradient
      0       1450.84180   0.0000   0.0000       1          17234.2
     10       1417.51941   0.0022   0.0270      21             3005
     20       1394.26074   0.0033   0.0298      41          4630.79
     30       1375.75525   0.0032   0.0278      61          3668.19
     40       1362.58630   0.0017   0.0126      81          2338.98
     50       1351.43689   0.0020   0.0201     101           2018.4
     52       1349.49158   0.0007   0.0047     106          1645.35
# Conjugate gradients optimization
#  Step   Current energy Av shift Mx shift   Funcs         Gradient
      0       1351.35205   0.0000   0.0000       1          2392.08
      1       1350.72375   0.0004   0.0073       3          1608.25
# Molecular dynamics simulation at 150.00 K
#  Step   Current energy Av shift Mx shift   Kinetic energy    Kinetic temp.
      0       1350.72375   0.0000   0.0000       1084.08899        156.32991
     10       1984.10132   0.0158   0.0552        620.27704         89.44640
     20       2121.81860   0.0188   0.0571        882.60938        127.27575
     30       2229.77271   0.0194   0.0589        938.26764        135.30190
     40       2254.02344   0.0200   0.0600        990.37354        142.81577
     50       2332.68848   0.0199   0.0683        987.01807        142.33189
# Molecular dynamics simulation at 400.00 K
#  Step   Current energy Av shift Mx shift   Kinetic energy    Kinetic temp.
      0       2332.68848   0.0000   0.0000       1040.19446        150.00014
     10       2322.76636   0.0207   0.0748       1067.52112        153.94075
     20       3057.05103   0.0281   0.0967       1995.30750        287.73120
     30       3476.99927   0.0325   0.0985       2619.27271        377.70944
     40       3551.88599   0.0314   0.1221       2469.18286        356.06589
     50       3733.06714   0.0330   0.1008       2746.97485        396.12460
# Molecular dynamics simulation at 1000.00 K
#  Step   Current energy Av shift Mx shift   Kinetic energy    Kinetic temp.
      0       3733.06714   0.0000   0.0000       2773.84766        399.99976
     10       3682.30518   0.0325   0.1150       2657.00220        383.15018
     20       5519.24463   0.0465   0.1582       5482.90381        790.65631
     30       6090.38867   0.0497   0.1760       6261.27832        902.90100
     40       6732.61621   0.0505   0.1701       6407.96484        924.05377
     50       6749.80078   0.0517   0.1830       6722.05176        969.34637
# Molecular dynamics simulation at 1000.00 K
#  Step   Current energy Av shift Mx shift   Kinetic energy    Kinetic temp.
      0       6749.80078   0.0000   0.0000       6934.63184       1000.00122
     10       7014.73584   0.0507   0.1682       6545.92725        943.94849
     20       6999.82812   0.0523   0.1638       6853.90771        988.36047
     30       7003.01270   0.0511   0.1723       6533.58545        942.16876
     40       7150.04541   0.0514   0.1655       6625.26904        955.38989
     50       7226.35547   0.0505   0.1663       6372.47803        918.93646
     60       7246.64111   0.0506   0.1521       6465.13525        932.29797
     70       7158.48340   0.0503   0.1468       6351.30664        915.88342
     80       7175.40186   0.0506   0.1741       6408.55615        924.13904
     90       7270.72559   0.0505   0.1796       6391.35596        921.65869
    100       7188.92871   0.0503   0.1582       6324.49854        912.01764
    110       7617.97510   0.0516   0.1910       6627.69336        955.73950
    120       7428.95312   0.0523   0.1470       6826.14014        984.35632
    130       7534.23096   0.0520   0.1965       6738.55811        971.72662
    140       7494.28760   0.0522   0.1814       6788.83496        978.97675
    150       7622.35010   0.0520   0.1753       6705.99023        967.03021
    160       7533.06250   0.0521   0.1782       6733.44873        970.98987
    170       7545.08447   0.0518   0.1711       6698.45557        965.94366
    180       7625.08643   0.0519   0.1689       6676.49951        962.77753
    190       7700.84814   0.0513   0.1563       6531.31787        941.84180
    200       7635.88672   0.0517   0.1472       6580.24805        948.89771
    210       7851.49512   0.0522   0.1610       6806.29004        981.49384
    220       7765.95264   0.0526   0.1450       6854.37988        988.42859
    230       7714.62305   0.0525   0.1981       6856.31543        988.70770
    240       7791.79150   0.0531   0.1523       6941.53223       1000.99628
    250       7738.43408   0.0526   0.1871       6938.78369       1000.59998
    260       7704.30322   0.0527   0.1746       6907.01855        996.01929
    270       7943.71436   0.0517   0.1434       6647.94824        958.66034
    280       7807.38770   0.0527   0.1717       6859.60156        989.18158
    290       7794.14795   0.0525   0.1457       6817.58984        983.12335
    300       7699.28076   0.0525   0.1641       6796.31592        980.05554
# Molecular dynamics simulation at 800.00 K
#  Step   Current energy Av shift Mx shift   Kinetic energy    Kinetic temp.
      0       7699.28076   0.0000   0.0000       6934.61865        999.99933
     10       7997.26562   0.0523   0.1416       6781.12500        977.86493
     20       7836.22412   0.0529   0.1397       6936.59180       1000.28387
     30       7912.49561   0.0527   0.1521       6854.71631        988.47711
     40       7942.35498   0.0521   0.1460       6767.52881        975.90430
     50       7978.58838   0.0528   0.1485       6840.10449        986.37000
     60       7931.91455   0.0524   0.1494       6788.19629        978.88464
     70       7702.15430   0.0533   0.1573       7020.48779       1012.38202
     80       7879.85156   0.0527   0.1499       6905.95752        995.86627
     90       7923.29834   0.0529   0.1456       6906.04492        995.87891
    100       7745.36816   0.0531   0.1563       6914.34912        997.07642
    110       7308.95361   0.0498   0.1406       6106.00586        880.51013
    120       7114.03857   0.0505   0.1356       6286.47363        906.53430
    130       7140.41162   0.0501   0.1363       6215.04443        896.23389
    140       7130.08350   0.0506   0.1404       6321.74463        911.62048
    150       7209.08545   0.0500   0.1586       6183.51270        891.68689
    160       7308.01611   0.0497   0.1335       6100.71240        879.74677
    170       7208.01953   0.0501   0.1397       6179.49609        891.10767
    180       7295.28418   0.0499   0.1666       6129.83301        883.94611
    190       7154.25195   0.0501   0.1319       6195.52686        893.41937
    200       7358.74365   0.0496   0.1421       6089.79248        878.17206
    210       6960.45508   0.0488   0.1430       5877.94482        847.62280
    220       6970.25684   0.0485   0.1400       5812.05957        838.12189
    230       6917.45557   0.0490   0.1383       5973.98730        861.47253
    240       6979.03516   0.0489   0.1518       5888.43311        849.13525
    250       6877.46338   0.0490   0.1544       5916.42139        853.17126
    260       6974.02686   0.0488   0.1403       5880.75977        848.02875
    270       6831.73145   0.0496   0.1410       6067.11621        874.90204
    280       6862.17432   0.0492   0.1290       5956.46582        858.94586
    290       6929.47803   0.0488   0.1476       5879.18262        847.80133
    300       6909.78174   0.0489   0.1283       5936.75488        856.10345
# Molecular dynamics simulation at 500.00 K
#  Step   Current energy Av shift Mx shift   Kinetic energy    Kinetic temp.
      0       6909.78174   0.0000   0.0000       5547.69824        799.99994
     10       6873.57861   0.0475   0.1266       5550.13232        800.35095
     20       6710.37402   0.0484   0.1257       5744.54443        828.38593
     30       6762.83398   0.0481   0.1309       5713.91406        823.96893
     40       6656.81299   0.0480   0.1340       5718.41260        824.61761
     50       6635.68311   0.0489   0.1449       5909.88525        852.22876
     60       6757.13672   0.0481   0.1291       5705.43555        822.74628
     70       6801.89502   0.0482   0.1243       5741.03906        827.88043
     80       6744.32227   0.0480   0.1325       5734.79492        826.98004
     90       6764.16992   0.0478   0.1606       5672.09082        817.93787
    100       6622.31836   0.0485   0.1494       5866.81494        846.01782
    110       5629.75586   0.0428   0.1304       4562.73682        657.96466
    120       5570.94189   0.0423   0.1283       4437.54688        639.91174
    130       5579.56250   0.0426   0.1390       4508.67041        650.16803
    140       5540.54102   0.0430   0.1236       4559.86670        657.55072
    150       5483.74316   0.0433   0.1312       4668.35449        673.19513
    160       5518.97266   0.0430   0.1225       4551.37402        656.32605
    170       5584.09277   0.0429   0.1257       4539.19238        654.56946
    180       5499.06836   0.0430   0.1229       4560.30957        657.61462
    190       5595.65283   0.0423   0.1362       4433.13867        639.27606
    200       5578.85986   0.0431   0.1102       4586.94385        661.45538
    210       5037.76855   0.0400   0.1048       3944.48120        568.80975
    220       5030.18066   0.0400   0.1205       3938.16309        567.89862
    230       5054.97266   0.0402   0.1241       3991.47095        575.58582
    240       4994.05469   0.0402   0.1113       3978.24414        573.67847
    250       5061.30518   0.0401   0.1188       3975.60205        573.29749
    260       4934.55859   0.0401   0.1201       3963.30249        571.52386
    270       5013.23389   0.0401   0.1292       4020.09668        579.71381
    280       5005.86816   0.0401   0.1000       3969.44409        572.40948
    290       4999.11914   0.0403   0.1183       4040.69580        582.68427
    300       5028.86133   0.0399   0.1174       3945.29004        568.92639
# Molecular dynamics simulation at 300.00 K
#  Step   Current energy Av shift Mx shift   Kinetic energy    Kinetic temp.
      0       5028.86133   0.0000   0.0000       3467.31274        500.00015
     10       4916.32812   0.0388   0.1095       3684.28540        531.28845
     20       4772.68799   0.0388   0.1067       3747.19897        540.36084
     30       4718.90820   0.0393   0.1192       3781.04883        545.24213
     40       4822.99609   0.0390   0.1062       3728.74170        537.69922
     50       4771.58838   0.0385   0.1109       3696.61572        533.06653
     60       4691.02002   0.0390   0.1065       3793.44019        547.02905
     70       4684.79004   0.0392   0.1113       3799.76831        547.94159
     80       4759.47119   0.0388   0.1148       3705.45312        534.34094
     90       4752.67139   0.0386   0.1043       3710.79297        535.11096
    100       4702.15869   0.0391   0.1114       3769.94336        543.64069
    110       3939.13379   0.0343   0.1044       2911.39893        419.83521
    120       3956.72974   0.0337   0.1013       2809.39355        405.12561
    130       3932.82788   0.0343   0.0969       2920.95386        421.21304
    140       3940.73340   0.0342   0.0966       2885.21631        416.05957
    150       3957.93042   0.0343   0.1054       2892.83569        417.15829
    160       3879.33643   0.0345   0.0961       2932.48975        422.87659
    170       3963.61621   0.0342   0.0948       2886.10596        416.18787
    180       3926.86938   0.0344   0.1086       2911.89868        419.90726
    190       4006.78857   0.0341   0.1090       2864.49805        413.07190
    200       3984.35425   0.0342   0.1086       2871.48950        414.08011
    210       3599.60693   0.0315   0.0994       2461.38379        354.94125
    220       3586.82837   0.0314   0.0875       2436.66748        351.37704
    230       3531.78760   0.0320   0.0813       2500.93872        360.64523
    240       3548.73267   0.0320   0.0775       2511.58276        362.18015
    250       3603.57056   0.0316   0.0793       2471.61572        356.41672
    260       3567.16626   0.0315   0.0945       2436.80029        351.39621
    270       3605.96509   0.0317   0.0911       2489.95264        359.06097
    280       3570.40234   0.0318   0.0837       2470.87622        356.31009
    290       3566.25146   0.0316   0.1041       2467.50708        355.82425
    300       3585.36719   0.0317   0.0941       2474.27344        356.79999
# Conjugate gradients optimization
#  Step   Current energy Av shift Mx shift   Funcs         Gradient
      0       3585.36719   0.0000   0.0000       1      3.48729e+06
     10       1578.70874   0.0121   0.0454      21          55532.2
     20       1389.59717   0.0141   0.0686      42          15243.5
     30       1305.68262   0.0066   0.0292      62          12048.7
     40       1258.57776   0.0066   0.0324      82          7615.63
     49       1230.55237   0.0010   0.0072     101          2867.15
