# Conjugate gradients optimization
#  Step   Current energy Av shift Mx shift   Funcs         Gradient
      0      17726.49805   0.0000   0.0000       1           781692
     10        777.56885   0.0870   2.1463      21          2118.38
     20        409.81445   0.0118   0.4537      42          747.381
     30        242.46155   0.0171   0.4800      63          524.537
     40        140.32787   0.0044   0.3276      85          148.494
     50         99.62843   0.0192   0.6924     105          155.933
     60         48.46386   0.0078   0.2832     125          35.4065
     70         33.26549   0.0085   0.4714     146          52.9112
     80         24.07627   0.0209   0.7402     166          17.2109
     90         17.32774   0.0101   0.2294     186           8.1482
     97         15.47747   0.0044   0.0849     201          5.30585
# Conjugate gradients optimization
#  Step   Current energy Av shift Mx shift   Funcs         Gradient
      0        199.87555   0.0000   0.0000       1          406.964
     10        177.37907   0.0109   0.1598      21           541.83
     20        165.50557   0.0047   0.0821      42          184.566
     30        154.08751   0.0116   0.1680      62          389.613
     40        136.44391   0.0066   0.0977      83          265.908
     50        122.38895   0.0088   0.1194     103          267.227
     60        112.63768   0.0079   0.1367     123          155.985
     70        104.81876   0.0087   0.1224     143          105.512
     80        100.04908   0.0058   0.0832     163          69.2237
     90         96.87209   0.0024   0.0352     183           38.346
     99         94.39121   0.0050   0.0736     201          49.0944
# Conjugate gradients optimization
#  Step   Current energy Av shift Mx shift   Funcs         Gradient
      0        591.79510   0.0000   0.0000       1          1837.23
      4        586.28430   0.0004   0.0084       9          573.625
# Conjugate gradients optimization
#  Step   Current energy Av shift Mx shift   Funcs         Gradient
      0       1388.44824   0.0000   0.0000       1          5646.81
     10       1232.39893   0.0049   0.1068      21          16924.4
     20       1162.03735   0.0053   0.0854      41          11001.9
     30       1104.34839   0.0053   0.0876      61          10693.7
     40       1056.40674   0.0045   0.0728      81          9720.57
     44       1045.65027   0.0006   0.0076      89          2927.01
# Conjugate gradients optimization
#  Step   Current energy Av shift Mx shift   Funcs         Gradient
      0       1232.26599   0.0000   0.0000       1          4959.33
      1       1230.78113   0.0005   0.0093       3          5003.05
# Conjugate gradients optimization
#  Step   Current energy Av shift Mx shift   Funcs         Gradient
      0       1560.62634   0.0000   0.0000       1          12311.3
     10       1441.88977   0.0016   0.0311      21          11880.1
     20       1346.52368   0.0061   0.1207      41            14218
     30       1281.19067   0.0058   0.1341      61          12819.4
     40       1225.31470   0.0104   0.2017      81            10622
     50       1179.09961   0.0062   0.0749     101          8302.45
     58       1150.70752   0.0005   0.0082     118          2069.88
# Conjugate gradients optimization
#  Step   Current energy Av shift Mx shift   Funcs         Gradient
      0       1494.11475   0.0000   0.0000       1          8890.91
     10       1377.23279   0.0045   0.0789      21          14973.3
     15       1346.86877   0.0006   0.0098      32          3444.21
# Conjugate gradients optimization
#  Step   Current energy Av shift Mx shift   Funcs         Gradient
      0       1675.53613   0.0000   0.0000       1          8021.24
     10       1519.32336   0.0069   0.1378      21          33776.8
     20       1391.26562   0.0041   0.0738      41          19635.8
     30       1323.13660   0.0078   0.1146      62          31634.9
     40       1273.75684   0.0058   0.0824      82          10963.4
     50       1236.89661   0.0049   0.0529     102          6185.31
     60       1200.22058   0.0049   0.0387     122          6812.61
     70       1164.04358   0.0010   0.0159     143          2316.02
     78       1154.72620   0.0007   0.0095     159          1672.86
# Conjugate gradients optimization
#  Step   Current energy Av shift Mx shift   Funcs         Gradient
      0       1431.25330   0.0000   0.0000       1          6060.63
      4       1414.22412   0.0006   0.0093       9          3644.17
# Conjugate gradients optimization
#  Step   Current energy Av shift Mx shift   Funcs         Gradient
      0       1990.39062   0.0000   0.0000       1          12659.6
     10       1761.13306   0.0082   0.1562      21          31158.5
     20       1633.25757   0.0056   0.0804      41          22178.3
     30       1538.00049   0.0071   0.0909      61          18395.6
     40       1479.97388   0.0043   0.0553      82          15963.1
     50       1424.84241   0.0060   0.0826     102          10446.2
     60       1374.10681   0.0015   0.0192     123          10118.2
     70       1319.80103   0.0226   0.3025     143          22689.2
     80       1248.52808   0.0088   0.0958     163          11827.3
     90       1207.84875   0.0025   0.0223     183          4637.07
     99       1182.43677   0.0038   0.0429     201          7326.35
# Conjugate gradients optimization
#  Step   Current energy Av shift Mx shift   Funcs         Gradient
      0       1124.52344   0.0000   0.0000       1          5580.58
      1       1122.76355   0.0007   0.0093       3          3235.99
# Conjugate gradients optimization
#  Step   Current energy Av shift Mx shift   Funcs         Gradient
      0       5544.13574   0.0000   0.0000       1           180553
     10       3775.19751   0.0116   0.2344      21           191659
     20       2885.35498   0.0167   0.2662      41           107343
     30       2334.53979   0.0148   0.2128      61          92659.9
     40       1996.73828   0.0120   0.1438      81          62240.7
     50       1761.08643   0.0029   0.0400     102          26007.2
     60       1631.66638   0.0065   0.0872     122          25830.9
     70       1506.89856   0.0067   0.1027     142          22729.8
     80       1387.61780   0.0087   0.1456     162          18589.4
     90       1300.52393   0.0106   0.1709     182          16713.3
# Conjugate gradients optimization
#  Step   Current energy Av shift Mx shift   Funcs         Gradient
      0       1499.11072   0.0000   0.0000       1          20417.8
     10       1372.93933   0.0016   0.0221      22          15456.2
     20       1318.19983   0.0047   0.0508      42          10000.4
     30       1246.39209   0.0053   0.0500      62          9085.27
     40       1219.81323   0.0026   0.0283      82          6949.35
     50       1188.60718   0.0041   0.0485     102          4980.79
     60       1162.62952   0.0059   0.0655     123          17672.8
     62       1157.37659   0.0008   0.0070     127          2982.19
# Conjugate gradients optimization
#  Step   Current energy Av shift Mx shift   Funcs         Gradient
      0       1249.30310   0.0000   0.0000       1          5417.14
      7       1237.26123   0.0002   0.0073      15          1686.57
# Conjugate gradients optimization
#  Step   Current energy Av shift Mx shift   Funcs         Gradient
      0       1354.86951   0.0000   0.0000       1          5903.52
     10       1254.51917   0.0028   0.0347      21          8753.69
     20       1219.71057   0.0053   0.0369      41          5354.78
     30       1189.81689   0.0026   0.0194      61          3276.84
     40       1162.73828   0.0044   0.0356      81          7053.68
     50       1134.51257   0.0055   0.0523     101          6453.68
     60       1106.93201   0.0042   0.0404     121          5814.03
     65       1098.20972   0.0004   0.0066     131          1395.28
# Conjugate gradients optimization
#  Step   Current energy Av shift Mx shift   Funcs         Gradient
      0       1133.11560   0.0000   0.0000       1          1997.93
      4       1130.69043   0.0002   0.0041       9          803.492
# Conjugate gradients optimization
#  Step   Current energy Av shift Mx shift   Funcs         Gradient
      0       1317.45605   0.0000   0.0000       1          7890.85
     10       1223.75964   0.0042   0.0502      21          9426.22
     20       1186.65649   0.0040   0.0311      41          5948.03
     30       1160.01526   0.0045   0.0275      61          7152.36
     38       1144.72021   0.0010   0.0082      77          3323.13
# Conjugate gradients optimization
#  Step   Current energy Av shift Mx shift   Funcs         Gradient
      0       1182.58130   0.0000   0.0000       1          4063.76
      1       1181.39099   0.0005   0.0060       3          2665.89
# Conjugate gradients optimization
#  Step   Current energy Av shift Mx shift   Funcs         Gradient
      0       1231.16760   0.0000   0.0000       1           4668.1
      1       1229.69934   0.0006   0.0087       3          6219.24
# Conjugate gradients optimization
#  Step   Current energy Av shift Mx shift   Funcs         Gradient
      0       1425.23730   0.0000   0.0000       1          16350.1
     10       1270.82336   0.0043   0.0656      21          17406.4
     20       1220.09021   0.0020   0.0239      42          4804.02
     30       1187.11218   0.0044   0.0354      62          5785.88
     40       1160.26208   0.0051   0.0360      82          4975.82
     50       1137.73047   0.0052   0.0324     102          3498.12
     60       1121.06750   0.0024   0.0150     122          2726.96
     70       1111.80359   0.0073   0.0520     142          5713.17
     76       1106.11987   0.0008   0.0057     155          1343.52
# Conjugate gradients optimization
#  Step   Current energy Av shift Mx shift   Funcs         Gradient
      0       1147.60876   0.0000   0.0000       1          2298.99
      1       1146.70276   0.0004   0.0063       3          2680.44
# Conjugate gradients optimization
#  Step   Current energy Av shift Mx shift   Funcs         Gradient
      0       1190.58875   0.0000   0.0000       1          4378.07
      1       1189.72620   0.0005   0.0094       3          4362.59
# Conjugate gradients optimization
#  Step   Current energy Av shift Mx shift   Funcs         Gradient
      0       1322.52930   0.0000   0.0000       1          7646.19
      1       1320.01685   0.0007   0.0090       3          8994.82
# Conjugate gradients optimization
#  Step   Current energy Av shift Mx shift   Funcs         Gradient
      0       2185.90894   0.0000   0.0000       1           141312
     10       1401.36023   0.0040   0.0768      21          28507.1
     20       1293.16064   0.0038   0.0587      41            11955
     30       1253.11304   0.0045   0.0617      61          6808.26
     35       1240.03357   0.0005   0.0061      72          1467.79
# Conjugate gradients optimization
#  Step   Current energy Av shift Mx shift   Funcs         Gradient
      0       1346.75598   0.0000   0.0000       1            54884
     10       1269.49243   0.0019   0.0391      22          5297.67
     16       1256.11792   0.0004   0.0082      35          1629.64
# Conjugate gradients optimization
#  Step   Current energy Av shift Mx shift   Funcs         Gradient
      0       1269.35364   0.0000   0.0000       1          8030.15
      7       1258.75171   0.0004   0.0084      15          1844.58
# Molecular dynamics simulation at 150.00 K
#  Step   Current energy Av shift Mx shift   Kinetic energy    Kinetic temp.
      0       1258.75171   0.0000   0.0000        952.30713        157.17599
     10       1804.80371   0.0160   0.0482        562.14563         92.78078
     20       1924.11829   0.0187   0.0729        777.05103        128.25040
     30       2000.62964   0.0193   0.0845        821.10376        135.52119
     40       2015.36597   0.0200   0.0950        887.67566        146.50871
     50       2074.08447   0.0193   0.0913        836.96387        138.13885
# Molecular dynamics simulation at 400.00 K
#  Step   Current energy Av shift Mx shift   Kinetic energy    Kinetic temp.
      0       2074.08447   0.0000   0.0000        908.82941        150.00009
     10       2053.55786   0.0210   0.0789        977.21893        161.28763
     20       2706.89600   0.0278   0.1300       1759.12830        290.33987
     30       3030.64575   0.0320   0.1586       2297.35156        379.17233
     40       3072.76831   0.0307   0.1360       2112.09302        348.59586
     50       3306.85815   0.0326   0.1495       2372.40601        391.55988
# Molecular dynamics simulation at 1000.00 K
#  Step   Current energy Av shift Mx shift   Kinetic energy    Kinetic temp.
      0       3306.85815   0.0000   0.0000       2423.54272        399.99988
     10       3285.99194   0.0321   0.1195       2309.01709        381.09769
     20       4789.41602   0.0461   0.1703       4814.92725        794.69208
     30       5360.86670   0.0492   0.1893       5471.87207        903.11926
     40       5806.12695   0.0494   0.2413       5565.09521        918.50549
     50       5936.45605   0.0509   0.2197       5841.48340        964.12268
# Molecular dynamics simulation at 1000.00 K
#  Step   Current energy Av shift Mx shift   Kinetic energy    Kinetic temp.
      0       5936.45605   0.0000   0.0000       6058.86035       1000.00024
     10       6129.22217   0.0509   0.1871       5840.28076        963.92419
     20       6153.49121   0.0517   0.1833       6008.75342        991.73022
     30       6110.66357   0.0511   0.2022       5889.35547        972.02386
     40       6246.86133   0.0509   0.1773       5838.73242        963.66864
     50       6209.47412   0.0508   0.2006       5835.54590        963.14276
     60       6255.39453   0.0508   0.2644       5771.27734        952.53534
     70       6265.04346   0.0508   0.2356       5789.95996        955.61890
     80       6236.45020   0.0510   0.2891       5758.73291        950.46497
     90       6243.37549   0.0507   0.2418       5775.25586        953.19202
    100       6262.63525   0.0506   0.2545       5745.70801        948.31519
    110       6297.57471   0.0513   0.2607       5957.84521        983.32794
    120       6263.98047   0.0522   0.2206       6147.27832       1014.59344
    130       6396.23145   0.0519   0.2426       5982.09863        987.33093
    140       6352.38184   0.0520   0.1964       6056.12256        999.54840
    150       6419.53467   0.0518   0.1973       5916.83936        976.56000
    160       6359.17822   0.0522   0.1892       5993.95850        989.28833
    170       6379.05273   0.0521   0.1818       5965.66553        984.61865
    180       6324.45459   0.0521   0.1901       6021.25293        993.79321
    190       6313.21045   0.0523   0.1834       6070.94238       1001.99438
    200       6448.73779   0.0521   0.1598       5968.30322        985.05402
    210       6475.07910   0.0523   0.1748       6007.96240        991.59967
    220       6517.09668   0.0522   0.1909       6020.11865        993.60602
    230       6541.04834   0.0517   0.1824       5860.14014        967.20197
    240       6584.58887   0.0518   0.1777       5876.46924        969.89703
    250       6505.41064   0.0516   0.1591       5848.93164        965.35199
    260       6505.78857   0.0521   0.1547       5935.93066        979.71100
    270       6433.50195   0.0524   0.1591       6012.60596        992.36609
    280       6550.18750   0.0521   0.1865       5947.61523        981.63953
    290       6473.07812   0.0518   0.1680       5932.13281        979.08417
    300       6506.54883   0.0518   0.1772       5907.09277        974.95135
# Molecular dynamics simulation at 800.00 K
#  Step   Current energy Av shift Mx shift   Kinetic energy    Kinetic temp.
      0       6506.54883   0.0000   0.0000       6058.86572       1000.00116
     10       6498.95898   0.0527   0.1680       6100.05420       1006.79919
     20       6477.71240   0.0527   0.1785       6126.25635       1011.12378
     30       6533.63232   0.0525   0.1918       6044.21680        997.58337
     40       6508.39844   0.0528   0.1803       6107.91309       1008.09625
     50       6697.84473   0.0523   0.1976       6001.43896        990.52301
     60       6535.30518   0.0526   0.1891       6065.42773       1001.08417
     70       6698.66016   0.0520   0.2134       5947.14551        981.56195
     80       6544.52979   0.0527   0.2194       6093.69141       1005.74902
     90       6516.97754   0.0528   0.2117       6075.11670       1002.68329
    100       6503.19678   0.0532   0.2171       6156.66553       1016.14276
    110       6045.82031   0.0489   0.1862       5249.49365        866.41620
    120       5929.39746   0.0491   0.1832       5326.43457        879.11511
    130       6053.73340   0.0489   0.1707       5236.28613        864.23639
    140       5840.95068   0.0502   0.2143       5446.58838        898.94623
    150       5912.98877   0.0496   0.1944       5397.50098        890.84448
    160       6013.26074   0.0490   0.1579       5240.59863        864.94812
    170       5982.09814   0.0493   0.1808       5324.90674        878.86298
    180       6087.21582   0.0489   0.1610       5180.38135        855.00940
    190       6009.87158   0.0493   0.1572       5284.10840        872.12933
    200       5993.17920   0.0497   0.1494       5368.54102        886.06470
    210       5663.20801   0.0486   0.1421       5121.78027        845.33746
    220       5651.17725   0.0485   0.1589       5118.53076        844.80115
    230       5747.28467   0.0482   0.1477       5062.11670        835.49011
    240       5829.17676   0.0483   0.1414       5064.46680        835.87799
    250       5806.41064   0.0477   0.1678       4940.21094        815.36987
    260       5923.38965   0.0474   0.1673       4884.68457        806.20538
    270       5920.45459   0.0472   0.1603       4864.74658        802.91467
    280       5709.95752   0.0483   0.1432       5088.63086        839.86621
    290       5779.36230   0.0478   0.1564       4975.29248        821.15997
    300       5838.86475   0.0479   0.1508       5013.93018        827.53705
# Molecular dynamics simulation at 500.00 K
#  Step   Current energy Av shift Mx shift   Kinetic energy    Kinetic temp.
      0       5838.86475   0.0000   0.0000       4847.08643        799.99988
     10       5642.46045   0.0478   0.1308       4955.74365        817.93347
     20       5866.08887   0.0470   0.1515       4773.90576        787.92157
     30       5724.59326   0.0473   0.1429       4899.20361        808.60168
     40       5684.88867   0.0480   0.1349       4994.30420        824.29785
     50       5773.56543   0.0473   0.1740       4912.59180        810.81140
     60       5815.15186   0.0470   0.1489       4782.95703        789.41547
     70       5793.47949   0.0471   0.1425       4872.02393        804.11578
     80       5718.35840   0.0477   0.1421       4976.26318        821.32019
     90       5747.53223   0.0469   0.1477       4806.00879        793.22015
    100       5815.90869   0.0474   0.1678       4842.89355        799.30786
    110       4984.46191   0.0426   0.1149       3926.55835        648.06897
    120       4808.54248   0.0425   0.1208       3941.10303        650.46954
    130       4908.31494   0.0429   0.1129       3959.12988        653.44482
    140       4803.70850   0.0432   0.1263       4033.27173        665.68176
    150       4877.95654   0.0432   0.1235       4028.47363        664.88983
    160       4839.95947   0.0429   0.1224       4024.35791        664.21051
    170       4891.54688   0.0427   0.1440       3978.64160        656.66516
    180       4892.21875   0.0431   0.1236       4028.12988        664.83307
    190       4894.90479   0.0425   0.1333       3925.18701        647.84265
    200       4898.80762   0.0430   0.1474       4032.67725        665.58362
    210       4445.01855   0.0397   0.1150       3441.87524        568.07318
    220       4452.52930   0.0396   0.1256       3424.59375        565.22089
    230       4351.09424   0.0405   0.1205       3551.00830        586.08533
    240       4406.72021   0.0399   0.1325       3448.41211        569.15210
    250       4313.27002   0.0407   0.1191       3565.32471        588.44824
    260       4410.29834   0.0401   0.1213       3511.92358        579.63452
    270       4329.96045   0.0405   0.1183       3578.41431        590.60864
    280       4321.97754   0.0405   0.1259       3531.41992        582.85229
    290       4342.32324   0.0407   0.1100       3592.39648        592.91632
    300       4435.59961   0.0398   0.1266       3421.20215        564.66113
# Molecular dynamics simulation at 300.00 K
#  Step   Current energy Av shift Mx shift   Kinetic energy    Kinetic temp.
      0       4435.59961   0.0000   0.0000       3029.43213        500.00046
     10       4152.77441   0.0392   0.1212       3342.54272        551.67859
     20       4161.86523   0.0389   0.1162       3283.77002        541.97827
     30       4187.23877   0.0389   0.1164       3307.47241        545.89032
     40       4106.45947   0.0397   0.1036       3374.86108        557.01263
     50       4153.65771   0.0393   0.1172       3316.23291        547.33624
     60       4076.12085   0.0397   0.1142       3418.77026        564.25977
     70       4135.00684   0.0390   0.1128       3312.15332        546.66290
     80       4142.16699   0.0397   0.1123       3388.69678        559.29620
     90       4127.10254   0.0396   0.1191       3369.70215        556.16119
    100       4099.26318   0.0393   0.1237       3367.64624        555.82184
    110       3465.90405   0.0346   0.0986       2584.28198        426.52948
    120       3423.03662   0.0339   0.0973       2481.67651        409.59470
    130       3421.03125   0.0341   0.0971       2528.51611        417.32547
    140       3398.11719   0.0344   0.0930       2559.98877        422.51996
    150       3375.82544   0.0347   0.1109       2597.87695        428.77332
    160       3393.03833   0.0343   0.0980       2549.79834        420.83804
    170       3438.79346   0.0344   0.0967       2529.40503        417.47217
    180       3463.98950   0.0342   0.1026       2560.38379        422.58514
    190       3424.37573   0.0340   0.1147       2516.49951        415.34216
    200       3442.74585   0.0342   0.1182       2540.62183        419.32349
    210       3097.70874   0.0316   0.1009       2180.13062        359.82529
    220       3099.99341   0.0312   0.1020       2104.49487        347.34180
    230       3077.79175   0.0320   0.1109       2195.56519        362.37271
    240       3045.08911   0.0321   0.1065       2240.38306        369.76981
    250       3052.29883   0.0321   0.1038       2214.35645        365.47418
    260       3061.54419   0.0315   0.0950       2154.65552        355.62067
    270       3128.68994   0.0316   0.0933       2174.99756        358.97809
    280       3084.37061   0.0316   0.0995       2184.25977        360.50681
    290       3103.04810   0.0314   0.0982       2144.54858        353.95255
    300       3126.60376   0.0314   0.0870       2131.96533        351.87573
# Conjugate gradients optimization
#  Step   Current energy Av shift Mx shift   Funcs         Gradient
      0       3126.60376   0.0000   0.0000       1       3.2954e+06
     10       1332.86304   0.0112   0.0371      21          52975.7
     20       1168.85400   0.0075   0.0390      41          16412.2
     30       1099.60327   0.0069   0.0303      61          8610.03
     40       1060.55090   0.0064   0.0338      81          6018.91
     50       1039.17383   0.0024   0.0119     101          3097.08
     58       1027.75061   0.0011   0.0050     117          1597.12
