# Conjugate gradients optimization
#  Step   Current energy Av shift Mx shift   Funcs         Gradient
      0      20812.81836   0.0000   0.0000       1           772061
     10        921.84814   0.0540   1.4989      21          2890.18
     20        404.27594   0.0170   0.7367      41          618.556
     30        257.68045   0.0117   0.4237      61          299.671
     40        178.81895   0.0375   1.4773      81          446.416
     50        112.93150   0.0095   0.3531     102          68.4827
     60         76.58640   0.0048   0.2105     122           64.229
     70         54.57988   0.0160   0.5051     142          48.5858
     80         31.33282   0.0133   0.3591     162          18.6625
     90         24.14034   0.0122   0.2845     182          10.0263
# Conjugate gradients optimization
#  Step   Current energy Av shift Mx shift   Funcs         Gradient
      0        286.54990   0.0000   0.0000       1          1020.09
     10        251.97346   0.0079   0.1433      21          651.839
     20        222.14656   0.0073   0.1381      41          500.724
     30        203.08859   0.0093   0.1424      61          419.995
     40        183.07262   0.0105   0.1474      81          360.826
     50        168.73145   0.0079   0.1268     101          186.337
     60        160.59041   0.0083   0.1397     121          161.004
     70        152.46619   0.0010   0.0165     142          71.2667
     80        148.16165   0.0034   0.0635     162          66.5199
     90        143.96428   0.0044   0.0739     182           73.285
# Conjugate gradients optimization
#  Step   Current energy Av shift Mx shift   Funcs         Gradient
      0        796.51807   0.0000   0.0000       1           1870.8
      5        790.50684   0.0007   0.0081      11          654.318
# Conjugate gradients optimization
#  Step   Current energy Av shift Mx shift   Funcs         Gradient
      0       1912.95605   0.0000   0.0000       1          7803.34
     10       1782.94165   0.0039   0.1047      21          21068.5
     20       1705.34851   0.0028   0.0664      41           9780.1
     30       1652.58850   0.0054   0.1066      61          7665.33
     40       1606.10596   0.0051   0.0900      81           8498.5
     50       1558.60425   0.0069   0.1218     101          10064.5
     60       1510.25403   0.0062   0.1502     121          8718.08
     70       1467.81360   0.0053   0.1176     141          6835.05
     80       1435.09827   0.0048   0.0851     161          6695.49
     90       1412.38220   0.0058   0.0841     181          3952.86
# Conjugate gradients optimization
#  Step   Current energy Av shift Mx shift   Funcs         Gradient
      0       1539.44177   0.0000   0.0000       1          5318.45
      3       1532.93005   0.0005   0.0092       7          2756.84
# Conjugate gradients optimization
#  Step   Current energy Av shift Mx shift   Funcs         Gradient
      0       2987.32690   0.0000   0.0000       1          54031.8
     10       2251.62573   0.0042   0.1275      21          69252.8
     20       1970.03662   0.0063   0.2359      42          41809.3
     30       1856.19775   0.0050   0.1053      62            18268
     40       1760.34497   0.0053   0.1135      82          14635.8
     50       1692.59021   0.0013   0.0291     103           7480.6
     60       1659.00281   0.0032   0.0691     123           6828.3
     70       1625.13855   0.0036   0.0468     143           5853.4
     79       1588.13220   0.0007   0.0070     161          3239.78
# Conjugate gradients optimization
#  Step   Current energy Av shift Mx shift   Funcs         Gradient
      0       2850.18164   0.0000   0.0000       1            52140
     10       2252.98511   0.0059   0.2274      21            65579
     20       2016.98291   0.0052   0.1338      41          38940.5
     30       1901.02661   0.0012   0.0344      62          7948.27
     40       1837.23816   0.0044   0.1148      82          13061.1
     50       1764.39563   0.0047   0.1007     102          12909.4
     60       1682.91968   0.0120   0.2151     122          24980.1
     70       1598.65076   0.0061   0.0928     142          13363.1
     80       1548.66052   0.0044   0.0524     162          8073.45
     90       1511.68103   0.0060   0.0770     182           6766.5
# Conjugate gradients optimization
#  Step   Current energy Av shift Mx shift   Funcs         Gradient
      0       1549.22839   0.0000   0.0000       1          8059.24
      1       1547.07568   0.0006   0.0078       3          4477.29
# Conjugate gradients optimization
#  Step   Current energy Av shift Mx shift   Funcs         Gradient
      0       2152.11353   0.0000   0.0000       1          24554.2
     10       1881.44519   0.0034   0.0962      21          19056.3
     20       1794.36523   0.0049   0.1062      41          13869.8
     30       1732.59680   0.0049   0.0905      61          11252.4
     40       1684.34338   0.0055   0.0983      81          9408.71
     50       1609.43176   0.0074   0.1635     101          13483.7
     60       1559.22461   0.0034   0.0675     121          8301.97
     70       1522.33289   0.0054   0.0884     141          7223.95
     80       1487.46008   0.0099   0.1449     161           6171.5
     90       1458.52856   0.0080   0.1024     181          8150.56
# Conjugate gradients optimization
#  Step   Current energy Av shift Mx shift   Funcs         Gradient
      0       1645.04797   0.0000   0.0000       1          8875.77
     10       1583.97424   0.0047   0.1169      21          7769.36
     20       1554.71167   0.0028   0.0354      41          5040.66
     22       1549.69250   0.0009   0.0095      46          3693.41
# Conjugate gradients optimization
#  Step   Current energy Av shift Mx shift   Funcs         Gradient
      0       1444.59668   0.0000   0.0000       1          4846.54
      1       1443.20276   0.0005   0.0091       3          4532.73
# Conjugate gradients optimization
#  Step   Current energy Av shift Mx shift   Funcs         Gradient
      0       4543.28223   0.0000   0.0000       1           117733
     10       3277.53076   0.0097   0.2374      21           129813
     20       2738.62012   0.0110   0.2024      41          82403.1
     30       2402.69385   0.0090   0.1327      61          50950.4
     40       2173.08276   0.0105   0.1173      82          38875.5
     50       2011.29895   0.0013   0.0144     103          13856.4
     60       1950.97791   0.0051   0.0667     123          15079.6
     70       1874.49524   0.0056   0.0571     143          11750.6
     80       1800.63428   0.0069   0.0712     163          14380.3
     90       1724.65662   0.0070   0.0849     183          12196.9
     99       1663.72815   0.0046   0.0514     201          14062.4
# Conjugate gradients optimization
#  Step   Current energy Av shift Mx shift   Funcs         Gradient
      0       1879.09338   0.0000   0.0000       1          36594.5
     10       1782.30383   0.0116   0.1677      21          67335.7
     20       1710.15381   0.0055   0.0623      41          10048.1
     30       1663.52478   0.0054   0.0505      61          10136.3
     40       1623.46313   0.0033   0.0270      81          6765.02
     50       1588.17273   0.0052   0.0459     101          7004.62
     57       1559.20508   0.0009   0.0077     116          5321.27
# Conjugate gradients optimization
#  Step   Current energy Av shift Mx shift   Funcs         Gradient
      0       1615.30310   0.0000   0.0000       1          7168.11
      1       1613.58447   0.0005   0.0092       3          4544.73
# Conjugate gradients optimization
#  Step   Current energy Av shift Mx shift   Funcs         Gradient
      0       1709.28027   0.0000   0.0000       1          8821.47
     10       1644.37744   0.0010   0.0115      21          3635.51
     14       1633.54883   0.0005   0.0096      29          2116.65
# Conjugate gradients optimization
#  Step   Current energy Av shift Mx shift   Funcs         Gradient
      0       1788.11401   0.0000   0.0000       1          6959.46
     10       1705.35583   0.0032   0.0470      21          12308.5
     20       1647.64844   0.0036   0.0469      41          6215.37
     30       1605.79358   0.0039   0.0376      61          7517.64
     35       1592.80615   0.0005   0.0058      71          2275.58
# Conjugate gradients optimization
#  Step   Current energy Av shift Mx shift   Funcs         Gradient
      0       2498.49634   0.0000   0.0000       1          47376.5
     10       2047.57117   0.0065   0.1050      21          58635.4
     20       1827.27893   0.0100   0.1085      42          27136.1
     30       1692.26196   0.0064   0.0717      62          16437.1
     40       1615.48291   0.0061   0.0720      82          10044.5
     50       1567.35266   0.0043   0.0364     102          8059.83
     60       1535.31531   0.0044   0.0353     122          7258.96
     70       1508.19739   0.0029   0.0222     142           3824.8
     75       1498.80334   0.0014   0.0100     152          2158.82
# Conjugate gradients optimization
#  Step   Current energy Av shift Mx shift   Funcs         Gradient
      0       1521.40015   0.0000   0.0000       1          2715.16
      1       1520.19385   0.0006   0.0076       3          1950.98
# Conjugate gradients optimization
#  Step   Current energy Av shift Mx shift   Funcs         Gradient
      0       1552.20557   0.0000   0.0000       1          2722.39
      1       1551.54480   0.0004   0.0089       3          2559.05
# Conjugate gradients optimization
#  Step   Current energy Av shift Mx shift   Funcs         Gradient
      0       1641.62085   0.0000   0.0000       1          7296.62
     10       1579.78259   0.0038   0.0697      21          10271.8
     20       1547.92834   0.0039   0.0400      41          6611.02
     30       1527.42151   0.0040   0.0302      61          5157.59
     40       1506.02209   0.0037   0.0249      81          4550.95
     50       1485.02539   0.0038   0.0233     101          4668.61
     56       1473.81091   0.0008   0.0049     113          1650.27
# Conjugate gradients optimization
#  Step   Current energy Av shift Mx shift   Funcs         Gradient
      0       1505.75269   0.0000   0.0000       1          2362.19
      1       1504.91162   0.0005   0.0052       3           2675.9
# Conjugate gradients optimization
#  Step   Current energy Av shift Mx shift   Funcs         Gradient
      0       1544.37451   0.0000   0.0000       1             4071
      1       1543.20532   0.0004   0.0055       3          3861.03
# Conjugate gradients optimization
#  Step   Current energy Av shift Mx shift   Funcs         Gradient
      0       1635.13184   0.0000   0.0000       1          7169.76
     10       1572.15735   0.0039   0.0655      21          22602.9
     20       1533.85864   0.0029   0.0373      41          6513.69
     30       1512.76440   0.0018   0.0217      61          3458.52
# Conjugate gradients optimization
#  Step   Current energy Av shift Mx shift   Funcs         Gradient
      0       1792.95825   0.0000   0.0000       1           8276.3
      1       1790.18469   0.0007   0.0099       3          8322.72
# Conjugate gradients optimization
#  Step   Current energy Av shift Mx shift   Funcs         Gradient
      0       4403.04883   0.0000   0.0000       1           418140
     10       2198.75415   0.0065   0.1235      21           107431
     20       1899.77808   0.0056   0.0790      41          42411.4
     30       1786.16992   0.0043   0.0656      61          16405.6
     40       1728.10168   0.0044   0.0670      81          8587.81
     50       1693.13733   0.0014   0.0151     101          5005.78
     60       1670.79675   0.0037   0.0574     121          4157.18
     63       1665.88416   0.0009   0.0086     128          2182.54
# Conjugate gradients optimization
#  Step   Current energy Av shift Mx shift   Funcs         Gradient
      0       1899.31250   0.0000   0.0000       1          93418.4
     10       1750.22034   0.0023   0.0316      21          7952.28
     20       1730.39807   0.0019   0.0220      41          3235.46
     30       1715.16296   0.0025   0.0336      61          3298.77
     34       1709.55249   0.0009   0.0074      70          1737.98
# Conjugate gradients optimization
#  Step   Current energy Av shift Mx shift   Funcs         Gradient
      0       1739.24402   0.0000   0.0000       1          14674.4
      6       1725.54529   0.0007   0.0086      13          1991.13
# Molecular dynamics simulation at 150.00 K
#  Step   Current energy Av shift Mx shift   Kinetic energy    Kinetic temp.
      0       1725.54529   0.0000   0.0000       1142.10071        146.61986
     10       2394.62231   0.0153   0.0422        661.90979         84.97423
     20       2582.35718   0.0186   0.0541        974.63702        125.12132
     30       2711.43970   0.0191   0.0676       1025.42957        131.64194
     40       2728.19629   0.0202   0.0656       1144.86768        146.97508
     50       2812.60376   0.0195   0.0633       1072.80652        137.72406
# Molecular dynamics simulation at 400.00 K
#  Step   Current energy Av shift Mx shift   Kinetic energy    Kinetic temp.
      0       2812.60376   0.0000   0.0000       1168.43079        150.00005
     10       2808.80835   0.0208   0.0698       1210.23633        155.36693
     20       3692.96143   0.0281   0.0933       2235.11011        286.93753
     30       4133.20703   0.0321   0.1026       2894.70532        371.61459
     40       4172.61523   0.0315   0.1143       2809.57007        360.68515
     50       4365.56104   0.0331   0.1175       3082.59644        395.73557
# Molecular dynamics simulation at 1000.00 K
#  Step   Current energy Av shift Mx shift   Kinetic energy    Kinetic temp.
      0       4365.56104   0.0000   0.0000       3115.81714        400.00037
     10       4434.21436   0.0325   0.1292       2957.51489        379.67792
     20       6442.40332   0.0462   0.1981       6091.79004        782.04785
     30       7240.57275   0.0499   0.2173       7055.23389        905.73224
     40       7768.43115   0.0500   0.1924       7156.41357        918.72144
     50       8090.00439   0.0512   0.2418       7513.90918        964.61578
# Molecular dynamics simulation at 1000.00 K
#  Step   Current energy Av shift Mx shift   Kinetic energy    Kinetic temp.
      0       8090.00439   0.0000   0.0000       7789.53906       1000.00037
     10       8083.54199   0.0520   0.2046       7697.76807        988.21906
     20       8287.45996   0.0517   0.2138       7585.70264        973.83240
     30       8262.01660   0.0510   0.2068       7346.33789        943.10339
     40       8391.95703   0.0511   0.2230       7389.08691        948.59143
     50       8339.38770   0.0510   0.2021       7355.77832        944.31531
     60       8305.14355   0.0505   0.2280       7232.40088        928.47644
     70       8373.54883   0.0508   0.2210       7224.04053        927.40320
     80       8350.06641   0.0508   0.1856       7274.36719        933.86401
     90       8192.85156   0.0511   0.2227       7309.09131        938.32178
    100       8426.47461   0.0505   0.2464       7245.85400        930.20355
    110       8549.11426   0.0520   0.1749       7610.75879        977.04907
    120       8577.44629   0.0519   0.1950       7548.57764        969.06641
    130       8576.59180   0.0521   0.1502       7630.01123        979.52063
    140       8503.63672   0.0524   0.1468       7641.01562        980.93335
    150       8386.22754   0.0524   0.2252       7735.31934        993.03979
    160       8689.81445   0.0528   0.3272       7939.41406       1019.24097
    170       8668.37793   0.0529   0.3805       8142.09521       1045.26062
    180       8951.22852   0.0524   0.3497       7883.85205       1012.10803
    190       8926.82910   0.0534   0.5080       8536.88770       1095.94299
    200       9048.36328   0.0529   0.4709       8211.25781       1054.13953
    210       8985.98047   0.0519   0.3741       7919.48730       1016.68280
    220       8824.91699   0.0519   0.3938       7928.22607       1017.80469
    230       9003.51758   0.0522   0.3629       7955.06104       1021.24969
    240       9336.44336   0.0521   0.5345       8197.15332       1052.32886
    250      10208.15723   0.0525   0.5437       8510.66113       1092.57617
    260       9431.90820   0.0518   0.5093       8022.69482       1029.93237
    270       9977.67578   0.0519   0.4720       8147.16064       1045.91089
    280       9322.12598   0.0530   0.5181       8409.05957       1079.53284
    290       9832.55664   0.0527   0.5515       8848.42871       1135.93787
    300       9388.20020   0.0528   0.6154       8636.25879       1108.70007
# Molecular dynamics simulation at 800.00 K
#  Step   Current energy Av shift Mx shift   Kinetic energy    Kinetic temp.
      0       9388.20020   0.0000   0.0000       7789.53320        999.99963
     10       9145.66699   0.0518   0.4751       8162.85986       1047.92627
     20       9367.46582   0.0512   0.4578       8010.04346       1028.30811
     30       9748.00098   0.0517   0.5071       8377.02344       1075.42004
     40       9637.03320   0.0512   0.4200       7842.14014       1006.75317
     50       9104.16602   0.0518   0.4335       8066.76660       1035.59009
     60       8950.69434   0.0517   0.3135       7926.19434       1017.54382
     70       8790.21973   0.0519   0.3545       8091.28320       1038.73755
     80       9248.79688   0.0510   0.4006       7661.90527        983.61511
     90       9222.17188   0.0520   0.3690       7852.95850       1008.14203
    100       9377.51172   0.0521   0.5518       8569.20215       1100.09143
    110       8151.03516   0.0488   0.6051       7838.70264       1006.31189
    120       8316.94434   0.0475   0.3320       6707.54492        861.09686
    130       8344.03809   0.0483   0.4009       7049.50781        904.99713
    140       8158.47070   0.0484   0.4286       7202.36816        924.62097
    150       8496.79980   0.0482   0.3387       6989.07568        897.23901
    160       8346.92969   0.0487   0.4374       7568.53857        971.62891
    170       8348.29102   0.0485   0.4669       7258.89404        931.87756
    180       8824.09473   0.0487   0.5269       7424.39844        953.12463
    190       9134.90332   0.0488   0.6755       8188.82373       1051.25952
    200       9243.84180   0.0492   0.4442       7758.87939        996.06439
    210       8048.31250   0.0460   0.4309       6686.49121        858.39404
    220       8324.09180   0.0466   0.3855       6977.56543        895.76135
    230       7849.61035   0.0465   0.4163       6858.56543        880.48444
    240       8317.67871   0.0466   0.4900       6983.81201        896.56329
    250       8842.21777   0.0466   0.4925       7045.09521        904.43066
    260       8118.33350   0.0464   0.4201       6780.94727        870.52002
    270       8171.42383   0.0474   0.4862       7372.57227        946.47131
    280       9345.27246   0.0479   0.6755       8685.21484       1114.98486
    290       9608.67578   0.0479   0.6599       7926.42188       1017.57306
    300      10504.45020   0.0480   0.6755       8758.89062       1124.44324
# Molecular dynamics simulation at 500.00 K
#  Step   Current energy Av shift Mx shift   Kinetic energy    Kinetic temp.
      0      10504.45020   0.0000   0.0000       6231.63525        800.00085
     10       8383.81934   0.0451   0.6245       7707.39600        989.45508
     20       8592.59473   0.0447   0.4712       7348.52881        943.38464
     30       9118.43359   0.0448   0.6187       7570.16602        971.83789
     40       8317.70117   0.0448   0.5199       7804.34033       1001.90051
     50       8985.49414   0.0449   0.5235       7338.25244        942.06543
     60       8361.16895   0.0447   0.4811       7258.93701        931.88312
     70      10109.71582   0.0443   0.4795       7070.79053        907.72937
     80      10359.90625   0.0456   0.6486       8719.76758       1119.42065
     90      10137.85352   0.0459   0.4916       8588.40430       1102.55664
    100       9217.77051   0.0458   0.5657       8158.79834       1047.40491
    110       7564.50098   0.0391   0.4098       5939.76807        762.53168
    120       7696.19092   0.0383   0.4732       5737.18994        736.52527
    130       7651.59473   0.0399   0.5429       6876.28223        882.75891
    140       7270.30225   0.0396   0.5272       6614.11475        849.10254
    150       8426.90039   0.0403   0.5847       7416.70215        952.13660
    160       7723.72070   0.0404   0.4724       7260.66797        932.10535
    170       7986.40088   0.0395   0.5912       6855.14453        880.04529
    180       9072.61914   0.0402   0.4563       6729.77686        863.95093
    190       9019.97070   0.0402   0.4839       7165.56689        919.89648
    200       8645.77539   0.0402   0.5530       6645.54541        853.13751
    210       6354.53809   0.0359   0.5131       5542.89014        711.58154
    220       7589.48047   0.0354   0.5596       5852.02979        751.26807
    230       7367.66748   0.0361   0.5189       5923.07910        760.38922
    240       7228.52979   0.0358   0.4284       5777.96045        741.75928
    250       6570.77393   0.0363   0.5072       6124.16504        786.20410
    260       6965.10840   0.0372   0.5154       6924.58301        888.95966
    270       7617.54395   0.0367   0.5583       6555.31689        841.55420
    280       8475.27148   0.0367   0.5725       6347.80029        814.91382
    290       7730.76318   0.0374   0.6491       7638.15088        980.56555
    300       8260.14258   0.0379   0.6755       7575.51709        972.52484
# Molecular dynamics simulation at 300.00 K
#  Step   Current energy Av shift Mx shift   Kinetic energy    Kinetic temp.
      0       8260.14258   0.0000   0.0000       3894.76953        500.00018
     10       7697.61426   0.0317   0.4072       4592.93750        589.62915
     20       7488.22607   0.0322   0.6755       5766.42822        740.27881
     30       6890.29248   0.0326   0.5801       5626.67188        722.33722
     40       7389.93799   0.0322   0.5926       6029.13379        774.00421
     50       7483.59814   0.0331   0.4263       5510.40234        707.41083
     60       8066.21045   0.0328   0.4874       5482.86963        703.87628
     70       6740.42725   0.0329   0.5532       5892.76416        756.49744
     80       6987.93750   0.0330   0.5188       5541.48047        711.40057
     90       6903.48389   0.0337   0.5550       6485.63672        832.60889
    100       7655.08350   0.0332   0.5347       5980.53662        767.76544
    110       6739.30176   0.0281   0.4647       4534.17773        582.08575
    120       6297.91699   0.0283   0.6755       5493.17822        705.19965
    130       6879.28857   0.0288   0.6638       5557.80225        713.49591
    140       6583.93262   0.0289   0.6556       5483.17871        703.91595
    150       7084.14355   0.0291   0.5935       5513.41846        707.79803
    160       6506.33301   0.0292   0.6237       5461.13574        701.08612
    170       7329.12402   0.0287   0.5524       5033.46582        646.18298
    180       5968.33105   0.0291   0.4459       5148.09229        660.89844
    190       5929.34326   0.0288   0.6535       5429.48877        697.02338
    200       7600.09375   0.0293   0.5558       6184.62695        793.96600
    210       6819.26562   0.0253   0.5308       5027.67725        645.43988
    220       5965.60596   0.0246   0.4943       4413.60498        566.60693
    230       5853.95752   0.0254   0.5712       5315.11816        682.34082
    240       7764.13184   0.0252   0.5889       4593.59082        589.71301
    250       6105.55664   0.0257   0.5113       4522.13330        580.53949
    260       6268.91797   0.0256   0.6116       4923.02734        632.00519
    270       7565.00439   0.0257   0.6292       5288.74756        678.95538
    280       6649.84473   0.0263   0.5483       5199.31787        667.47467
    290       6202.08545   0.0256   0.5634       4923.11719        632.01672
    300       6109.63965   0.0254   0.5180       4528.31543        581.33313
# Conjugate gradients optimization
#  Step   Current energy Av shift Mx shift   Funcs         Gradient
      0       6109.63965   0.0000   0.0000       1      8.24231e+06
     10       1977.76099   0.0067   0.1268      21          85081.8
     20       1773.54504   0.0049   0.0631      41          18825.7
     30       1714.89563   0.0026   0.0377      62          11379.5
     40       1659.90283   0.0057   0.0730      82            14180
     50       1615.25256   0.0009   0.0187     102          4409.69
     53       1610.11499   0.0005   0.0092     108          1741.69
