# Conjugate gradients optimization
#  Step   Current energy Av shift Mx shift   Funcs         Gradient
      0      27413.85352   0.0000   0.0000       1           879646
     10       1844.70898   0.0300   1.0483      21          22150.6
     20       1160.56335   0.0230   1.0169      41           1021.6
     30        812.62317   0.1182   4.6617      61           5464.7
     40        374.19836   0.0105   0.5079      81          498.134
     50        312.73166   0.0129   0.4005     101          837.419
     60        281.27008   0.0014   0.1113     121          81.2349
     70        242.73759   0.0039   0.1376     141          139.375
     80        219.48547   0.0255   0.6879     161          778.523
     90        120.45544   0.0488   1.4490     181           345.64
# Conjugate gradients optimization
#  Step   Current energy Av shift Mx shift   Funcs         Gradient
      0       1137.54053   0.0000   0.0000       1          3049.15
     10        982.30048   0.0207   0.5889      21          5772.92
     20        756.33655   0.0203   0.4753      41          5293.14
     30        505.31992   0.0285   0.6765      61          3871.01
     40        350.55103   0.0295   0.6856      82          5656.94
     50        248.59561   0.0252   0.6337     102          1414.33
     60        201.18677   0.0109   0.2337     122          719.212
     70        168.48183   0.0117   0.2758     142          510.431
     80        144.01140   0.0087   0.1841     162          362.393
     90        133.79993   0.0035   0.0646     183          124.914
     99        130.43407   0.0020   0.0350     201          84.0701
# Conjugate gradients optimization
#  Step   Current energy Av shift Mx shift   Funcs         Gradient
      0        943.52728   0.0000   0.0000       1          3383.82
     10        908.34790   0.0037   0.0800      21          18784.5
     15        890.05176   0.0005   0.0080      31          1249.15
# Conjugate gradients optimization
#  Step   Current energy Av shift Mx shift   Funcs         Gradient
      0       3518.36646   0.0000   0.0000       1          29734.5
     10       2738.97192   0.0108   0.3119      21           100984
     20       2356.15405   0.0056   0.1323      41            42613
     30       2123.11401   0.0071   0.1377      61          28170.2
     40       1989.14844   0.0082   0.1459      82          51617.3
     46       1958.14160   0.0004   0.0060      94          2709.93
# Conjugate gradients optimization
#  Step   Current energy Av shift Mx shift   Funcs         Gradient
      0       3600.49170   0.0000   0.0000       1          20593.5
     10       3224.46631   0.0063   0.2234      21          50457.6
     20       2986.89795   0.0094   0.1623      41          66141.4
     30       2621.71582   0.0106   0.1796      61          67742.1
     40       2385.45703   0.0097   0.1681      81          42808.3
     50       2210.84204   0.0087   0.1301     101          25921.1
     60       2072.67822   0.0028   0.0301     122          16200.8
     70       1955.36914   0.0045   0.0469     143          19557.9
     80       1826.62183   0.0155   0.1713     163          32229.2
     90       1747.86121   0.0083   0.0859     184            12886
     99       1651.76599   0.0121   0.1487     201          32527.2
# Conjugate gradients optimization
#  Step   Current energy Av shift Mx shift   Funcs         Gradient
      0       4258.52344   0.0000   0.0000       1          74809.2
     10       3488.91895   0.0086   0.2656      21           101237
     20       3086.09790   0.0086   0.1989      41          68026.3
     30       2785.58667   0.0104   0.2262      61          53227.4
     40       2530.50513   0.0089   0.1781      81          44774.4
     50       2333.09058   0.0102   0.2398     101          62398.4
     60       2128.80811   0.0048   0.0738     121          27223.1
     70       2002.15735   0.0016   0.0281     143          9819.81
     80       1956.85864   0.0030   0.0457     163          8969.75
     90       1890.45935   0.0080   0.1151     183            18646
     99       1805.18457   0.0076   0.0970     201          18317.4
# Conjugate gradients optimization
#  Step   Current energy Av shift Mx shift   Funcs         Gradient
      0       3297.14551   0.0000   0.0000       1            38397
     10       3103.64990   0.0083   0.1753      21          75627.9
     20       2876.06616   0.0209   0.3278      43           112295
     30       2722.57812   0.0104   0.1173      63          23880.8
     40       2610.31128   0.0050   0.0684      83          14006.8
     50       2540.93823   0.0083   0.0858     103          18308.8
     60       2464.10205   0.0061   0.0746     123          15125.8
     70       2407.65845   0.0048   0.0469     143          8586.67
     80       2361.99561   0.0052   0.0567     163           9323.3
     90       2322.15161   0.0063   0.0644     183          7952.13
     99       2287.76880   0.0097   0.1053     201          9464.88
# Conjugate gradients optimization
#  Step   Current energy Av shift Mx shift   Funcs         Gradient
      0       2534.06592   0.0000   0.0000       1          10947.6
      1       2530.73511   0.0008   0.0094       3          8403.76
# Conjugate gradients optimization
#  Step   Current energy Av shift Mx shift   Funcs         Gradient
      0       3761.96973   0.0000   0.0000       1          46957.9
     10       3210.43848   0.0045   0.1080      22          51565.4
     20       2982.91699   0.0089   0.1538      42            48519
     30       2792.46924   0.0053   0.0786      62          13689.8
     40       2713.44897   0.0070   0.0947      82          17367.5
     50       2637.31738   0.0103   0.1253     102          12618.2
     60       2568.57910   0.0119   0.1161     122          18406.5
     70       2522.70728   0.0034   0.0618     143             8287
     80       2470.14038   0.0050   0.0853     163          9150.75
     90       2403.90332   0.0074   0.0989     183          18472.3
     99       2179.31177   0.0286   0.4623     201          70976.2
# Conjugate gradients optimization
#  Step   Current energy Av shift Mx shift   Funcs         Gradient
      0       3296.67603   0.0000   0.0000       1            81623
     10       2797.08838   0.0113   0.2382      21          75642.6
     20       2461.65552   0.0057   0.0897      42          48692.6
     30       2199.46899   0.0118   0.1988      63          37079.8
     40       1977.85278   0.0124   0.2115      83          32164.2
     50       1857.22827   0.0057   0.1016     103          20722.9
     60       1766.42773   0.0070   0.1420     123          17834.3
     70       1689.51318   0.0081   0.1367     143          15811.8
     80       1628.24207   0.0067   0.0698     163          10313.7
     90       1579.46167   0.0010   0.0109     185          7210.78
     93       1571.31885   0.0007   0.0081     191          3119.54
# Conjugate gradients optimization
#  Step   Current energy Av shift Mx shift   Funcs         Gradient
      0       1332.07861   0.0000   0.0000       1          4931.39
      1       1330.72363   0.0005   0.0084       3          4294.69
# Conjugate gradients optimization
#  Step   Current energy Av shift Mx shift   Funcs         Gradient
      0       5352.96924   0.0000   0.0000       1           143355
     10       3508.85522   0.0037   0.1107      22           152341
     20       2911.86938   0.0026   0.0500      43          45502.2
     30       2588.40210   0.0255   0.3159      63           181932
     40       2044.41345   0.0110   0.1425      83          38022.3
     50       1891.80322   0.0101   0.1802     103          35285.5
     60       1755.83911   0.0041   0.0660     125          15776.1
     70       1673.83936   0.0069   0.0660     145          15372.3
     80       1596.01501   0.0067   0.0726     165            12777
     90       1543.75952   0.0095   0.0702     186          23428.1
     94       1534.96680   0.0004   0.0059     194          2499.85
# Conjugate gradients optimization
#  Step   Current energy Av shift Mx shift   Funcs         Gradient
      0       2263.88940   0.0000   0.0000       1          18073.9
     10       2015.15198   0.0090   0.1806      21          39497.6
     20       1861.54041   0.0075   0.1625      41          22664.7
     30       1769.78723   0.0074   0.0899      61          14640.1
     40       1709.60071   0.0054   0.0567      81          10559.4
     50       1656.13721   0.0047   0.0345     101          8309.16
     60       1611.53906   0.0069   0.0505     121          9552.57
     70       1548.47986   0.0145   0.1141     141          12675.6
     80       1494.79224   0.0165   0.1180     161          10486.2
     90       1449.26184   0.0110   0.0723     181          7766.53
# Conjugate gradients optimization
#  Step   Current energy Av shift Mx shift   Funcs         Gradient
      0       1582.70422   0.0000   0.0000       1          9118.36
     10       1528.12781   0.0043   0.0430      21          13288.5
     20       1486.75171   0.0036   0.0343      41          7117.56
     30       1457.27979   0.0028   0.0227      61          6797.64
     34       1450.60339   0.0009   0.0076      70          3033.17
# Conjugate gradients optimization
#  Step   Current energy Av shift Mx shift   Funcs         Gradient
      0       1739.82263   0.0000   0.0000       1          8571.45
     10       1652.76440   0.0034   0.0624      21          12356.3
     20       1609.12427   0.0036   0.0427      42          8031.71
     30       1563.56677   0.0070   0.0575      62           8745.6
     40       1516.48682   0.0073   0.0559      82          9559.18
     50       1464.27136   0.0252   0.1711     103          10396.6
     60       1413.68738   0.0146   0.0848     123          10742.2
     70       1368.67175   0.0162   0.0957     143          9756.45
     76       1346.70142   0.0005   0.0076     156          2248.29
# Conjugate gradients optimization
#  Step   Current energy Av shift Mx shift   Funcs         Gradient
      0       1396.37695   0.0000   0.0000       1          3317.22
      5       1384.40356   0.0005   0.0090      11          2167.84
# Conjugate gradients optimization
#  Step   Current energy Av shift Mx shift   Funcs         Gradient
      0       1781.60657   0.0000   0.0000       1          13587.7
     10       1673.83716   0.0077   0.1384      21          58677.1
     20       1542.33875   0.0022   0.0339      41          11464.4
     30       1494.48425   0.0014   0.0235      62          9868.36
     31       1492.70264   0.0004   0.0089      64          1577.41
# Conjugate gradients optimization
#  Step   Current energy Av shift Mx shift   Funcs         Gradient
      0       1681.37183   0.0000   0.0000       1          7127.57
     10       1593.19080   0.0059   0.0481      21          14817.9
     20       1517.30713   0.0078   0.0604      41            14813
     30       1466.76489   0.0096   0.0675      62          22585.3
     33       1458.18250   0.0010   0.0078      68          3602.33
# Conjugate gradients optimization
#  Step   Current energy Av shift Mx shift   Funcs         Gradient
      0       1566.60046   0.0000   0.0000       1          7071.49
# Conjugate gradients optimization
#  Step   Current energy Av shift Mx shift   Funcs         Gradient
      0       1818.71069   0.0000   0.0000       1          12019.2
     10       1648.65662   0.0056   0.1415      21          19198.8
     20       1583.36438   0.0054   0.0570      41          12103.9
     30       1543.25574   0.0012   0.0175      62           4606.5
     40       1521.66357   0.0031   0.0236      82          4728.19
     50       1490.75464   0.0041   0.0335     102          6664.95
     56       1471.28210   0.0003   0.0050     115          1451.79
# Conjugate gradients optimization
#  Step   Current energy Av shift Mx shift   Funcs         Gradient
      0       1703.25513   0.0000   0.0000       1          8397.54
     10       1618.72546   0.0047   0.0703      21          22768.9
     20       1561.32068   0.0075   0.0534      41            10226
     30       1518.33142   0.0037   0.0316      62          12958.3
     31       1515.00745   0.0010   0.0088      64          3821.08
# Conjugate gradients optimization
#  Step   Current energy Av shift Mx shift   Funcs         Gradient
      0       1582.60364   0.0000   0.0000       1          5165.18
      1       1581.21021   0.0006   0.0081       3          4251.31
# Conjugate gradients optimization
#  Step   Current energy Av shift Mx shift   Funcs         Gradient
      0       2092.51196   0.0000   0.0000       1          19925.8
     10       1876.60632   0.0065   0.0613      21          28321.3
     20       1751.86853   0.0093   0.0935      41          20027.4
     30       1671.80481   0.0094   0.0960      61          14523.3
     40       1607.36206   0.0075   0.0610      81          10730.7
     50       1556.28857   0.0043   0.0253     101          5121.82
     60       1510.20349   0.0079   0.0485     122          8179.51
     70       1467.87622   0.0045   0.0261     142          4351.76
     80       1430.59668   0.0097   0.0530     162          6780.08
     90       1400.37085   0.0052   0.0290     182          5597.03
# Conjugate gradients optimization
#  Step   Current energy Av shift Mx shift   Funcs         Gradient
      0       1575.83435   0.0000   0.0000       1          29817.9
     10       1456.66370   0.0027   0.0660      21          8898.58
     20       1423.79138   0.0019   0.0326      41          3411.56
     30       1407.67102   0.0008   0.0100      62          2803.95
     40       1397.55823   0.0009   0.0135      83          1778.01
     43       1396.14685   0.0004   0.0047      89          1721.94
# Conjugate gradients optimization
#  Step   Current energy Av shift Mx shift   Funcs         Gradient
      0       1471.51270   0.0000   0.0000       1          35419.6
     10       1417.35449   0.0019   0.0482      21          4142.49
     15       1411.91797   0.0004   0.0097      31          623.232
# Conjugate gradients optimization
#  Step   Current energy Av shift Mx shift   Funcs         Gradient
      0       1420.85791   0.0000   0.0000       1          4331.68
      2       1417.80139   0.0004   0.0087       5          1819.11
# Molecular dynamics simulation at 150.00 K
#  Step   Current energy Av shift Mx shift   Kinetic energy    Kinetic temp.
      0       1417.80139   0.0000   0.0000        962.30536        149.76932
     10       1976.00891   0.0154   0.0479        556.09088         86.54774
     20       2113.39844   0.0188   0.0614        817.45648        127.22563
     30       2218.21021   0.0190   0.0777        851.44287        132.51514
     40       2231.21582   0.0201   0.0798        940.90607        146.43883
     50       2260.16284   0.0199   0.0804        927.63220        144.37294
# Molecular dynamics simulation at 400.00 K
#  Step   Current energy Av shift Mx shift   Kinetic energy    Kinetic temp.
      0       2260.16284   0.0000   0.0000        963.78717        149.99995
     10       2261.03491   0.0208   0.0828       1006.70770        156.67993
     20       2902.06982   0.0282   0.1282       1916.20300        298.23010
     30       3221.91650   0.0318   0.1455       2408.45752        374.84262
     40       3225.47681   0.0314   0.1496       2355.06982        366.53357
     50       3394.71509   0.0331   0.1363       2602.30835        405.01279
# Molecular dynamics simulation at 1000.00 K
#  Step   Current energy Av shift Mx shift   Kinetic energy    Kinetic temp.
      0       3394.71509   0.0000   0.0000       2570.09985        399.99997
     10       3269.96094   0.0323   0.1179       2487.67334        387.17145
     20       4914.63672   0.0460   0.2481       5113.49365        795.84351
     30       5373.24170   0.0494   0.2054       5921.58838        921.61212
     40       5849.04834   0.0494   0.2115       5942.83496        924.91888
     50       5859.31689   0.0511   0.2126       6345.18896        987.53961
# Molecular dynamics simulation at 1000.00 K
#  Step   Current energy Av shift Mx shift   Kinetic energy    Kinetic temp.
      0       5859.31689   0.0000   0.0000       6425.25439       1000.00067
     10       6004.36328   0.0511   0.1925       6243.18359        971.66394
     20       6098.14111   0.0511   0.1851       6332.09082        985.50110
     30       5999.94922   0.0511   0.1868       6279.09131        977.25244
     40       6199.13281   0.0507   0.1948       6168.10449        959.97888
     50       6046.68848   0.0509   0.1759       6273.58008        976.39471
     60       6261.89697   0.0501   0.1857       6000.22949        933.85150
     70       6187.95752   0.0499   0.1816       6023.31689        937.44476
     80       6269.74951   0.0498   0.1883       5939.50195        924.40015
     90       6358.53516   0.0497   0.1947       5943.37451        925.00281
    100       6350.84570   0.0493   0.1757       5808.54395        904.01837
    110       6482.16699   0.0514   0.1903       6329.21484        985.05347
    120       6576.42822   0.0517   0.1839       6348.84229        988.10822
    130       6581.58838   0.0510   0.1928       6208.68848        966.29523
    140       6668.31592   0.0510   0.1926       6194.23975        964.04651
    150       6816.73340   0.0505   0.1768       6103.82861        949.97528
    160       6747.75977   0.0505   0.1948       6139.15820        955.47382
    170       6842.09082   0.0505   0.1721       6068.25977        944.43945
    180       6819.70215   0.0508   0.2076       6128.53516        953.82050
    190       6865.82861   0.0502   0.2128       6061.32666        943.36041
    200       6735.07910   0.0505   0.1670       6064.60254        943.87030
    210       6843.98535   0.0517   0.2162       6399.30078        995.96136
    220       6992.16943   0.0511   0.1942       6240.82471        971.29675
    230       7049.18994   0.0515   0.1800       6267.95752        975.51965
    240       7030.53027   0.0512   0.1920       6195.32031        964.21466
    250       7038.54688   0.0512   0.1780       6191.52393        963.62378
    260       7048.68213   0.0512   0.1912       6214.97998        967.27441
    270       6998.71289   0.0515   0.1602       6204.43457        965.63318
    280       7035.68066   0.0514   0.1723       6234.66846        970.33862
    290       7055.54932   0.0507   0.1745       6119.37207        952.39441
    300       6965.42480   0.0515   0.1638       6227.90918        969.28668
# Molecular dynamics simulation at 800.00 K
#  Step   Current energy Av shift Mx shift   Kinetic energy    Kinetic temp.
      0       6965.42480   0.0000   0.0000       6425.24756        999.99963
     10       7093.43799   0.0522   0.1734       6433.12744       1001.22601
     20       6940.51270   0.0521   0.2102       6427.66455       1000.37579
     30       6952.90918   0.0526   0.1955       6532.08105       1016.62677
     40       6973.57666   0.0523   0.2111       6494.21826       1010.73395
     50       7161.72656   0.0518   0.2427       6384.41162        993.64404
     60       7012.67480   0.0521   0.2063       6444.22266       1002.95282
     70       6905.69824   0.0525   0.2162       6504.69434       1012.36438
     80       6962.42285   0.0524   0.2343       6521.24268       1014.93988
     90       6957.29688   0.0526   0.1947       6572.79492       1022.96332
    100       6941.72754   0.0522   0.1975       6542.29590       1018.21655
    110       6315.80420   0.0494   0.1897       5829.24561        907.24030
    120       6265.33301   0.0493   0.1955       5728.81738        891.61005
    130       6403.92090   0.0491   0.1885       5671.79102        882.73468
    140       6262.56494   0.0496   0.2030       5791.46387        901.36005
    150       6326.29736   0.0494   0.1845       5771.31201        898.22369
    160       6304.52783   0.0496   0.1788       5752.90479        895.35889
    170       6208.75586   0.0496   0.1770       5806.66943        903.72662
    180       6203.40479   0.0501   0.1686       5903.66211        918.82214
    190       6255.52539   0.0496   0.1685       5823.89258        906.40717
    200       6368.69434   0.0493   0.1781       5737.66553        892.98712
    210       6096.16895   0.0481   0.1648       5443.51025        847.20599
    220       6181.88770   0.0479   0.1459       5362.37549        834.57849
    230       6098.55762   0.0478   0.1457       5347.33105        832.23706
    240       6109.45410   0.0475   0.2025       5334.06689        830.17267
    250       6139.78174   0.0479   0.1925       5422.96143        844.00781
    260       5998.62305   0.0483   0.1646       5448.77979        848.02612
    270       6249.57080   0.0474   0.1602       5300.21777        824.90454
    280       6149.06348   0.0477   0.1659       5325.47021        828.83472
    290       6243.72461   0.0474   0.1728       5279.98584        821.75568
    300       6287.66992   0.0472   0.1753       5213.90332        811.47089
# Molecular dynamics simulation at 500.00 K
#  Step   Current energy Av shift Mx shift   Kinetic energy    Kinetic temp.
      0       6287.66992   0.0000   0.0000       5140.19971        799.99994
     10       6175.12500   0.0476   0.1763       5306.88721        825.94250
     20       6054.56006   0.0475   0.2030       5315.13232        827.22577
     30       6142.17529   0.0472   0.1876       5184.85156        806.94940
     40       6192.07275   0.0475   0.1705       5259.53027        818.57208
     50       6137.20312   0.0479   0.2014       5355.69141        833.53821
     60       6167.76318   0.0474   0.1996       5235.61426        814.84985
     70       6160.12451   0.0475   0.1609       5268.11914        819.90881
     80       6047.05029   0.0481   0.1622       5403.47314        840.97479
     90       6128.10645   0.0476   0.1705       5290.88721        823.45233
    100       5976.85596   0.0481   0.1589       5364.13818        834.85284
    110       5169.19775   0.0425   0.1471       4194.42334        652.80310
    120       5067.85498   0.0422   0.1331       4138.66553        644.12518
    130       5089.59521   0.0427   0.1305       4201.41699        653.89160
    140       5037.35107   0.0427   0.1321       4250.03467        661.45825
    150       5031.94824   0.0428   0.1389       4275.18945        665.37323
    160       5022.66846   0.0428   0.1319       4290.89600        667.81775
    170       5017.68018   0.0425   0.1340       4216.85205        656.29382
    180       5124.04688   0.0426   0.1450       4194.65234        652.83875
    190       5131.12158   0.0426   0.1383       4217.67285        656.42157
    200       5031.02051   0.0433   0.1216       4314.17285        671.44043
    210       4683.91992   0.0395   0.1141       3581.40723        557.39575
    220       4538.54688   0.0395   0.1669       3607.67651        561.48419
    230       4543.46289   0.0399   0.1173       3706.21606        576.82050
    240       4480.25439   0.0398   0.1359       3683.68628        573.31409
    250       4584.15479   0.0399   0.1312       3677.29492        572.31934
    260       4518.03369   0.0399   0.1221       3688.61987        574.08191
    270       4579.63184   0.0394   0.1162       3591.50415        558.96722
    280       4488.02148   0.0398   0.1419       3677.46606        572.34601
    290       4584.87061   0.0398   0.1178       3675.32251        572.01239
    300       4526.07422   0.0400   0.1324       3724.14917        579.61157
# Molecular dynamics simulation at 300.00 K
#  Step   Current energy Av shift Mx shift   Kinetic energy    Kinetic temp.
      0       4526.07422   0.0000   0.0000       3212.62402        499.99985
     10       4302.64697   0.0385   0.1123       3411.99658        531.02936
     20       4352.97803   0.0380   0.1085       3344.45166        520.51697
     30       4275.63965   0.0386   0.1248       3444.53833        536.09406
     40       4390.04102   0.0379   0.1295       3326.15967        517.67004
     50       4355.15869   0.0385   0.1324       3432.02612        534.14673
     60       4284.90869   0.0382   0.1143       3385.87500        526.96393
     70       4288.84473   0.0382   0.1270       3391.27710        527.80469
     80       4371.82324   0.0381   0.1297       3366.61597        523.96655
     90       4354.04639   0.0382   0.1166       3365.81787        523.84235
    100       4292.27734   0.0383   0.1336       3376.70825        525.53723
    110       3711.07104   0.0334   0.1030       2585.99390        402.47366
    120       3553.73853   0.0338   0.1179       2683.68042        417.67719
    130       3623.53247   0.0342   0.1125       2693.99390        419.28235
    140       3654.27051   0.0339   0.1157       2622.17603        408.10489
    150       3638.70679   0.0339   0.0988       2651.63550        412.68985
    160       3614.92993   0.0336   0.1131       2618.03564        407.46051
    170       3662.28345   0.0337   0.1179       2630.25854        409.36282
    180       3609.73682   0.0341   0.1045       2684.74829        417.84338
    190       3668.69824   0.0335   0.1018       2596.04370        404.03778
    200       3653.04492   0.0338   0.1228       2657.89990        413.66483
    210       3293.21973   0.0314   0.0956       2282.64136        355.26108
    220       3267.69043   0.0315   0.1072       2288.42627        356.16144
    230       3343.68799   0.0310   0.1107       2239.38257        348.52847
    240       3279.30347   0.0315   0.0952       2287.46729        356.01218
    250       3276.71899   0.0317   0.1091       2324.86279        361.83228
    260       3274.19238   0.0314   0.1003       2265.42993        352.58237
    270       3284.48413   0.0316   0.0991       2309.90771        359.50473
    280       3276.52905   0.0315   0.0827       2276.68311        354.33377
    290       3328.99976   0.0313   0.1041       2256.59595        351.20749
    300       3266.10718   0.0315   0.0946       2297.52832        357.57803
# Conjugate gradients optimization
#  Step   Current energy Av shift Mx shift   Funcs         Gradient
      0       3266.10718   0.0000   0.0000       1      3.34237e+06
     10       1460.28455   0.0112   0.0417      22          54928.7
     20       1280.60217   0.0068   0.0329      42          20758.1
     30       1205.47266   0.0064   0.0281      62          11524.4
     40       1163.86328   0.0058   0.0309      82          5335.46
     50       1139.64771   0.0034   0.0198     102          3494.95
     60       1123.84717   0.0037   0.0252     122          2475.13
     68       1114.61975   0.0006   0.0071     139          1108.36
