# Conjugate gradients optimization
#  Step   Current energy Av shift Mx shift   Funcs         Gradient
      0      39609.01562   0.0000   0.0000       1      1.27707e+06
     10       2198.94238   0.0750   2.9814      21          13344.2
     20       1498.60925   0.0204   0.7718      41          3052.89
     30       1129.37366   0.0079   0.2682      61           1892.3
     40        682.33942   0.0250   1.0716      81          6324.31
     50        569.05432   0.0417   1.1095     101          6668.93
     60        483.37061   0.0117   0.4086     121          461.745
     70        346.93039   0.0080   0.2313     141          627.284
     80        258.64529   0.0208   0.4711     161          484.783
     90        170.06215   0.0058   0.2411     181          290.329
# Conjugate gradients optimization
#  Step   Current energy Av shift Mx shift   Funcs         Gradient
      0       1806.25464   0.0000   0.0000       1           7749.2
     10       1622.86426   0.0062   0.2119      21          7253.96
     20       1357.53491   0.0393   0.8947      41          18567.3
     30       1126.02954   0.0309   0.5522      61          8201.29
     40        750.24933   0.0274   0.5190      81          4527.28
     50        570.06689   0.0190   0.2832     101          2777.86
     60        433.60687   0.0357   0.6527     121          2556.83
     70        347.89566   0.0465   0.7500     142          1187.31
     80        282.73151   0.0261   0.3907     162          936.574
     90        241.12285   0.0210   0.2918     182          737.618
# Conjugate gradients optimization
#  Step   Current energy Av shift Mx shift   Funcs         Gradient
      0       1619.57727   0.0000   0.0000       1          16174.1
     10       1451.45898   0.0128   0.1963      21          29335.8
     20       1338.35950   0.0093   0.1229      43            18755
     30       1138.51416   0.0157   0.2190      63          19828.8
     40        993.93085   0.0094   0.1183      83          7559.95
     50        924.30554   0.0076   0.1110     103          7542.47
     60        849.57104   0.0087   0.0989     123          6720.56
     70        806.39233   0.0085   0.1149     143          4978.76
     80        759.24884   0.0108   0.1603     163          4741.31
     90        724.06122   0.0047   0.0598     184           2935.3
     99        714.77148   0.0014   0.0140     201          1167.06
# Conjugate gradients optimization
#  Step   Current energy Av shift Mx shift   Funcs         Gradient
      0       1729.70020   0.0000   0.0000       1          10892.9
      2       1726.34216   0.0003   0.0075       5          2563.43
# Conjugate gradients optimization
#  Step   Current energy Av shift Mx shift   Funcs         Gradient
      0       2096.89355   0.0000   0.0000       1          7334.22
     10       1971.24805   0.0055   0.1024      21          20111.5
     20       1897.05310   0.0044   0.0499      41          14122.8
     30       1817.90417   0.0095   0.0865      61          18118.8
     40       1733.02405   0.0022   0.0187      82          14533.1
     50       1698.77869   0.0028   0.0449     102          5354.13
     60       1659.25159   0.0037   0.0371     122          7176.48
     70       1629.42236   0.0038   0.0419     142          7657.64
     80       1589.93542   0.0049   0.0542     162           8010.5
     90       1533.76538   0.0105   0.1404     182          16989.2
# Conjugate gradients optimization
#  Step   Current energy Av shift Mx shift   Funcs         Gradient
      0       3045.69995   0.0000   0.0000       1          33165.9
     10       2645.67651   0.0069   0.1861      21          53637.3
     20       2398.75171   0.0086   0.1637      41          43837.5
     30       2190.48901   0.0083   0.1668      61          29058.2
     40       2063.61743   0.0066   0.1212      81          19521.8
     50       2003.94727   0.0038   0.0605     102          13074.1
     60       1947.14355   0.0071   0.1018     122          14797.5
     70       1868.66577   0.0083   0.0890     142          14991.8
     80       1804.73230   0.0107   0.0990     162          14852.9
     90       1734.17517   0.0038   0.0694     183          10577.4
     99       1684.67725   0.0039   0.0494     201          10749.6
# Conjugate gradients optimization
#  Step   Current energy Av shift Mx shift   Funcs         Gradient
      0       3005.86499   0.0000   0.0000       1          28052.3
     10       2734.37622   0.0072   0.2054      21          56839.7
     20       2474.17969   0.0126   0.2481      41          58321.3
     30       2245.00854   0.0089   0.1381      61          38751.5
     40       2086.70459   0.0095   0.1289      81          32776.8
     50       1913.74829   0.0107   0.1284     101          36345.5
     60       1770.68713   0.0089   0.0903     121          23867.5
     70       1652.19092   0.0083   0.0930     141          20632.8
     80       1564.22205   0.0128   0.1444     162          15457.7
     90       1480.58362   0.0120   0.1337     182          12884.7
# Conjugate gradients optimization
#  Step   Current energy Av shift Mx shift   Funcs         Gradient
      0       1627.98987   0.0000   0.0000       1          11802.6
     10       1572.91187   0.0034   0.0516      21          8845.15
     20       1515.92566   0.0045   0.0701      41          9171.05
     30       1477.69666   0.0042   0.0578      61          7412.36
     40       1433.34790   0.0081   0.1218      81           9141.6
     44       1417.90503   0.0008   0.0096      89          3125.95
# Conjugate gradients optimization
#  Step   Current energy Av shift Mx shift   Funcs         Gradient
      0       2401.43457   0.0000   0.0000       1          19088.9
     10       2051.34961   0.0067   0.1952      21          56961.9
     20       1837.62134   0.0101   0.2357      41          30296.7
     30       1700.76318   0.0089   0.1991      62          60102.2
     40       1580.07080   0.0102   0.2530      82          21863.3
     50       1494.98669   0.0034   0.0617     102          8846.67
     60       1428.60413   0.0053   0.0910     122           8406.7
     70       1375.41406   0.0013   0.0196     143          5153.19
     80       1348.31738   0.0021   0.0341     163          7028.03
     90       1330.24377   0.0015   0.0249     183          4683.95
     92       1328.12402   0.0007   0.0099     187          2021.64
# Conjugate gradients optimization
#  Step   Current energy Av shift Mx shift   Funcs         Gradient
      0       3879.57520   0.0000   0.0000       1          27195.6
     10       3198.90625   0.0124   0.2613      21           110201
     20       2749.12402   0.0045   0.0668      42          49250.1
     30       2513.73096   0.0099   0.1384      62          52067.6
     40       2273.89722   0.0146   0.1930      82          57913.5
     50       1978.35535   0.0119   0.1291     102          48144.9
     60       1791.14368   0.0082   0.1044     122          22060.2
     70       1705.30420   0.0095   0.0887     142            18304
     80       1633.24133   0.0006   0.0106     163          3033.98
     81       1631.87976   0.0006   0.0096     165          3951.86
# Conjugate gradients optimization
#  Step   Current energy Av shift Mx shift   Funcs         Gradient
      0       1476.55017   0.0000   0.0000       1          5186.63
      4       1466.16077   0.0003   0.0031       9          1905.51
# Conjugate gradients optimization
#  Step   Current energy Av shift Mx shift   Funcs         Gradient
      0       3239.14648   0.0000   0.0000       1            30203
     10       2722.00635   0.0092   0.1699      21          86329.1
     20       2330.92896   0.0154   0.2099      41          65155.4
     30       2060.57544   0.0112   0.1492      61          37907.7
     40       1870.82263   0.0104   0.1216      81          28014.6
     50       1753.89050   0.0090   0.0868     101          19320.5
     60       1656.88892   0.0093   0.0681     121          17786.2
     70       1576.03064   0.0102   0.0882     141          16212.7
     80       1498.34021   0.0124   0.1259     161          17100.1
     90       1427.35144   0.0098   0.1067     181          12915.9
# Conjugate gradients optimization
#  Step   Current energy Av shift Mx shift   Funcs         Gradient
      0       1557.93628   0.0000   0.0000       1          7219.95
      4       1548.99109   0.0004   0.0064       9          2592.87
# Conjugate gradients optimization
#  Step   Current energy Av shift Mx shift   Funcs         Gradient
      0       1892.25696   0.0000   0.0000       1          12411.8
     10       1663.68774   0.0064   0.1115      21          32452.7
     20       1567.52551   0.0049   0.0690      42          12949.8
     30       1486.51355   0.0020   0.0239      62          4550.95
     33       1476.90942   0.0005   0.0071      68           4136.7
# Conjugate gradients optimization
#  Step   Current energy Av shift Mx shift   Funcs         Gradient
      0       2561.79639   0.0000   0.0000       1            24377
     10       2237.71899   0.0075   0.1632      21          46430.2
     20       2034.95483   0.0093   0.1186      41          35317.2
     30       1911.57690   0.0083   0.1036      61          19188.6
     40       1808.80310   0.0116   0.1043      81          14512.8
     50       1709.62708   0.0118   0.1015     101          16263.4
     60       1621.94897   0.0088   0.0867     121          15106.7
     70       1559.58765   0.0054   0.0415     141            11785
     80       1509.97522   0.0086   0.0661     161          12638.5
     90       1457.37805   0.0177   0.1389     181          17645.8
# Conjugate gradients optimization
#  Step   Current energy Av shift Mx shift   Funcs         Gradient
      0       2007.53821   0.0000   0.0000       1          25161.5
     10       1791.11206   0.0060   0.0890      21          29940.1
     20       1691.02124   0.0104   0.1142      42          13177.5
     30       1611.12488   0.0065   0.0751      62          14724.9
     40       1573.02100   0.0024   0.0240      83           6328.2
     50       1550.16370   0.0020   0.0209     103          4347.32
     60       1520.04712   0.0006   0.0111     123          2222.37
     63       1515.09656   0.0006   0.0099     129          2165.55
# Conjugate gradients optimization
#  Step   Current energy Av shift Mx shift   Funcs         Gradient
      0       2919.55518   0.0000   0.0000       1          51815.4
     10       2305.19751   0.0090   0.1414      21          67196.7
     20       2057.44019   0.0129   0.1154      41          39267.9
     30       1869.98999   0.0118   0.0830      61          30367.1
     40       1736.29224   0.0089   0.0599      81          17892.8
     50       1646.17236   0.0081   0.0589     101          16550.7
     60       1566.39453   0.0082   0.0555     121          16617.5
     70       1500.80908   0.0100   0.0683     141          11650.3
     80       1446.68933   0.0089   0.0505     161          10045.1
     90       1399.92896   0.0081   0.0472     181          10093.3
# Conjugate gradients optimization
#  Step   Current energy Av shift Mx shift   Funcs         Gradient
      0       1602.82361   0.0000   0.0000       1          10451.5
     10       1524.23743   0.0032   0.0475      21          7950.94
     20       1476.12695   0.0069   0.0621      41          7424.24
     26       1459.22559   0.0007   0.0100      54          4855.41
# Conjugate gradients optimization
#  Step   Current energy Av shift Mx shift   Funcs         Gradient
      0       2825.35547   0.0000   0.0000       1            53408
     10       2200.80566   0.0073   0.1592      21            77487
     20       1900.21899   0.0080   0.1271      41          34787.3
     30       1780.82812   0.0009   0.0162      62          5996.65
     40       1727.98877   0.0036   0.0439      82          12711.2
     50       1664.12878   0.0074   0.0745     102          14411.9
     60       1594.13269   0.0125   0.0971     122          15673.9
     70       1513.82190   0.0161   0.1005     143          10868.7
     80       1474.38208   0.0083   0.0560     164          10537.7
     90       1442.85046   0.0038   0.0191     184          3780.83
     94       1436.81067   0.0005   0.0079     192          1669.76
# Conjugate gradients optimization
#  Step   Current energy Av shift Mx shift   Funcs         Gradient
      0       2161.33960   0.0000   0.0000       1          22690.1
     10       1835.86304   0.0052   0.1865      21          41914.2
     20       1675.18726   0.0060   0.1135      41          25736.8
     30       1581.86938   0.0061   0.1053      61          16567.2
     40       1501.68774   0.0060   0.0894      81          9555.75
     50       1452.94495   0.0048   0.0682     101          8188.05
     59       1422.06335   0.0007   0.0086     120          3265.59
# Conjugate gradients optimization
#  Step   Current energy Av shift Mx shift   Funcs         Gradient
      0       1500.99255   0.0000   0.0000       1           5675.3
      7       1484.45447   0.0004   0.0061      15          1765.13
# Conjugate gradients optimization
#  Step   Current energy Av shift Mx shift   Funcs         Gradient
      0       2262.91748   0.0000   0.0000       1          23853.3
     10       1933.58472   0.0107   0.1642      21          49539.8
     20       1747.59778   0.0083   0.0964      41          23915.2
     30       1627.52539   0.0079   0.0998      61          15743.4
     40       1552.43213   0.0073   0.0836      81          11650.4
     50       1488.41064   0.0089   0.0813     101          12161.2
     60       1435.73938   0.0095   0.0965     121          12426.5
     70       1380.65259   0.0089   0.0928     141          7893.71
     79       1346.51990   0.0008   0.0069     160          3405.49
# Conjugate gradients optimization
#  Step   Current energy Av shift Mx shift   Funcs         Gradient
      0       1557.10840   0.0000   0.0000       1          8062.46
     10       1473.85681   0.0069   0.1201      21            13809
     20       1420.90149   0.0071   0.1058      41          8737.26
     30       1383.43115   0.0059   0.0852      61          5179.34
     40       1358.96033   0.0065   0.0561      81          3837.74
     47       1345.00073   0.0010   0.0096      96          2514.82
# Conjugate gradients optimization
#  Step   Current energy Av shift Mx shift   Funcs         Gradient
      0       1435.72046   0.0000   0.0000       1          10967.4
     10       1378.15955   0.0025   0.0553      21          5338.27
     15       1370.36060   0.0003   0.0054      31          1918.98
# Conjugate gradients optimization
#  Step   Current energy Av shift Mx shift   Funcs         Gradient
      0       1414.34644   0.0000   0.0000       1            17286
     10       1376.92957   0.0016   0.0165      21          4239.79
     20       1364.18884   0.0014   0.0141      41          2150.81
     25       1359.68103   0.0007   0.0059      51          1471.14
# Conjugate gradients optimization
#  Step   Current energy Av shift Mx shift   Funcs         Gradient
      0       1364.82825   0.0000   0.0000       1          3580.54
      2       1362.79761   0.0004   0.0068       5          884.632
# Molecular dynamics simulation at 150.00 K
#  Step   Current energy Av shift Mx shift   Kinetic energy    Kinetic temp.
      0       1362.79761   0.0000   0.0000        976.54291        156.40843
     10       1934.26465   0.0159   0.0481        567.40967         90.87942
     20       2041.94287   0.0189   0.0549        807.90460        129.39839
     30       2133.39844   0.0193   0.0745        840.49500        134.61826
     40       2160.49634   0.0201   0.0700        911.29669        145.95824
     50       2199.93188   0.0197   0.0678        884.39728        141.64989
# Molecular dynamics simulation at 400.00 K
#  Step   Current energy Av shift Mx shift   Kinetic energy    Kinetic temp.
      0       2199.93188   0.0000   0.0000        936.53070        149.99985
     10       2153.26685   0.0211   0.0657       1001.44952        160.39760
     20       2786.34375   0.0283   0.1104       1827.03467        292.62781
     30       3054.34692   0.0328   0.1113       2459.53955        393.93323
     40       3075.98877   0.0315   0.1022       2258.99536        361.81299
     50       3219.15039   0.0332   0.1110       2497.07080        399.94446
# Molecular dynamics simulation at 1000.00 K
#  Step   Current energy Av shift Mx shift   Kinetic energy    Kinetic temp.
      0       3219.15039   0.0000   0.0000       2497.41919        400.00024
     10       3184.06641   0.0328   0.1139       2440.04321        390.81061
     20       4582.21533   0.0469   0.1763       5005.17041        801.65533
     30       5015.57666   0.0501   0.1725       5754.63965        921.69440
     40       5565.37256   0.0505   0.1699       5791.63379        927.61957
     50       5636.90479   0.0512   0.1947       6000.52686        961.07703
# Molecular dynamics simulation at 1000.00 K
#  Step   Current energy Av shift Mx shift   Kinetic energy    Kinetic temp.
      0       5636.90479   0.0000   0.0000       6243.54541       1000.00018
     10       5920.11523   0.0513   0.1844       5997.25635        960.55322
     20       5942.10742   0.0522   0.1474       6164.70508        987.37274
     30       5892.50000   0.0512   0.1430       5919.04395        948.02631
     40       6182.32812   0.0506   0.1520       5777.42725        925.34418
     50       6251.63672   0.0504   0.1522       5743.26074        919.87189
     60       6198.64404   0.0507   0.1559       5740.66504        919.45618
     70       6238.73096   0.0503   0.1464       5652.03076        905.26001
     80       6330.29102   0.0494   0.1473       5512.37012        882.89117
     90       6391.36572   0.0499   0.1468       5589.84082        895.29932
    100       6388.42041   0.0492   0.1508       5452.08838        873.23615
    110       6777.10205   0.0518   0.1411       6022.65674        964.62146
    120       6816.43408   0.0511   0.1505       5915.30420        947.42731
    130       6836.20068   0.0514   0.1557       5881.44189        942.00372
    140       6832.30908   0.0513   0.1493       5885.92480        942.72174
    150       6685.58203   0.0519   0.1472       6039.75635        967.36023
    160       6639.36279   0.0520   0.1760       6085.91602        974.75342
    170       6675.20215   0.0523   0.1643       6123.41455        980.75940
    180       6587.78076   0.0520   0.1690       6084.79834        974.57440
    190       6618.90967   0.0523   0.1793       6092.71777        975.84283
    200       6751.68701   0.0514   0.1606       5959.73193        954.54309
    210       6773.07080   0.0529   0.1923       6242.16553        999.77917
    220       6785.85596   0.0531   0.1718       6269.79688       1004.20477
    230       6691.45068   0.0530   0.1817       6262.84717       1003.09167
    240       6694.56738   0.0530   0.1654       6326.80518       1013.33557
    250       6627.43506   0.0528   0.1667       6266.81689       1003.72748
    260       6807.43359   0.0525   0.1746       6211.53271        994.87286
    270       6619.88818   0.0530   0.1718       6347.82959       1016.70294
    280       6799.16602   0.0525   0.1705       6207.02881        994.15149
    290       6792.16797   0.0532   0.1610       6348.80371       1016.85895
    300       6641.10205   0.0530   0.1652       6278.23975       1005.55707
# Molecular dynamics simulation at 800.00 K
#  Step   Current energy Av shift Mx shift   Kinetic energy    Kinetic temp.
      0       6641.10205   0.0000   0.0000       6243.54248        999.99976
     10       6677.59131   0.0530   0.1602       6340.39648       1015.51239
     20       6575.03027   0.0529   0.1581       6281.79785       1006.12695
     30       6551.53857   0.0535   0.1704       6470.59473       1036.36572
     40       6690.16162   0.0533   0.1481       6311.56689       1010.89490
     50       6480.79443   0.0536   0.1583       6485.00439       1038.67358
     60       6726.18750   0.0531   0.1485       6257.47656       1002.23151
     70       6586.49902   0.0535   0.1596       6366.28516       1019.65887
     80       6521.73779   0.0537   0.1585       6425.27637       1029.10718
     90       6634.68408   0.0532   0.1558       6314.44629       1011.35608
    100       6708.05762   0.0532   0.1465       6288.06396       1007.13055
    110       6118.27930   0.0504   0.1323       5627.40674        901.31610
    120       6149.89990   0.0498   0.1585       5541.39648        887.54022
    130       6204.32275   0.0500   0.1731       5592.35596        895.70215
    140       6045.56152   0.0500   0.1744       5618.61426        899.90784
    150       6219.30664   0.0495   0.1612       5496.34570        880.32465
    160       6173.58984   0.0497   0.1627       5552.10791        889.25580
    170       6225.22217   0.0499   0.1659       5553.76611        889.52142
    180       6270.22168   0.0494   0.1725       5468.61816        875.88367
    190       6272.87402   0.0495   0.1583       5441.81104        871.59009
    200       6243.40381   0.0494   0.1294       5400.92285        865.04120
    210       6139.41650   0.0479   0.1330       5147.26904        824.41461
    220       6046.59375   0.0481   0.1502       5210.55811        834.55133
    230       6098.43555   0.0483   0.1261       5208.78369        834.26715
    240       6131.23438   0.0477   0.1476       5085.40576        814.50629
    250       6207.42676   0.0480   0.1392       5142.67871        823.67938
    260       6124.02197   0.0480   0.1385       5176.02197        829.01984
    270       6146.74365   0.0482   0.1362       5171.46191        828.28949
    280       6223.62256   0.0479   0.1234       5113.63672        819.02789
    290       6192.00342   0.0481   0.1376       5160.55762        826.54297
    300       6146.72070   0.0483   0.1575       5199.23047        832.73706
# Molecular dynamics simulation at 500.00 K
#  Step   Current energy Av shift Mx shift   Kinetic energy    Kinetic temp.
      0       6146.72070   0.0000   0.0000       4994.83496        799.99994
     10       5990.51709   0.0479   0.1459       5111.73438        818.72321
     20       5987.13770   0.0478   0.1234       5100.21777        816.87866
     30       6032.73828   0.0481   0.1301       5150.92285        824.99982
     40       5878.61377   0.0481   0.1261       5160.70850        826.56714
     50       5860.63770   0.0485   0.1352       5258.87207        842.28955
     60       5787.40527   0.0485   0.1484       5264.36865        843.16992
     70       5782.13428   0.0489   0.1560       5316.44482        851.51074
     80       5918.01025   0.0481   0.1379       5194.09814        831.91504
     90       5831.39258   0.0484   0.1560       5258.66455        842.25635
    100       5982.03467   0.0481   0.1449       5181.09326        829.83209
    110       4880.41504   0.0433   0.1307       4215.64014        675.19989
    120       4910.43018   0.0429   0.1166       4108.44629        658.03113
    130       4999.45557   0.0428   0.1317       4108.01416        657.96191
    140       4776.01709   0.0437   0.1249       4245.95605        680.05542
    150       4985.56982   0.0433   0.1341       4187.65723        670.71796
    160       4981.92773   0.0427   0.1204       4092.97729        655.55353
    170       5014.37256   0.0431   0.1204       4146.01855        664.04889
    180       4875.76758   0.0432   0.1209       4194.65088        671.83813
    190       4995.94775   0.0430   0.1487       4115.67188        659.18842
    200       5039.40674   0.0429   0.1457       4124.21582        660.55682
    210       4496.42383   0.0401   0.1106       3575.73584        572.70929
    220       4616.60205   0.0397   0.1169       3505.31543        561.43042
    230       4557.41846   0.0401   0.1020       3563.50977        570.75110
    240       4635.44629   0.0396   0.1079       3499.51489        560.50134
    250       4516.67529   0.0403   0.1093       3647.96411        584.27777
    260       4522.50781   0.0401   0.1130       3566.35010        571.20605
    270       4553.49561   0.0401   0.1073       3570.75171        571.91101
    280       4600.37305   0.0396   0.1176       3502.28931        560.94574
    290       4590.77686   0.0400   0.1275       3584.82056        574.16437
    300       4510.59082   0.0401   0.1515       3593.57397        575.56635
# Molecular dynamics simulation at 300.00 K
#  Step   Current energy Av shift Mx shift   Kinetic energy    Kinetic temp.
      0       4510.59082   0.0000   0.0000       3121.77466        500.00043
     10       4382.34570   0.0387   0.1031       3319.15137        531.61334
     20       4364.61523   0.0386   0.1321       3299.68677        528.49579
     30       4347.75000   0.0383   0.1158       3278.24927        525.06226
     40       4259.08887   0.0387   0.1246       3362.22412        538.51208
     50       4349.49170   0.0385   0.1077       3295.18945        527.77545
     60       4289.59375   0.0389   0.1203       3397.04272        544.08887
     70       4270.58203   0.0387   0.1067       3340.62061        535.05200
     80       4314.12646   0.0388   0.1240       3376.67383        540.82648
     90       4382.34082   0.0383   0.1269       3290.19531        526.97559
    100       4270.01221   0.0390   0.1229       3391.51929        543.20416
    110       3569.35181   0.0343   0.0936       2624.67896        420.38287
    120       3628.21436   0.0333   0.0957       2468.07202        395.29984
    130       3608.52368   0.0342   0.0950       2607.22046        417.58661
    140       3548.47803   0.0339   0.0920       2562.14502        410.36710
    150       3579.21240   0.0344   0.1096       2650.47412        424.51437
    160       3503.57373   0.0340   0.0932       2608.08105        417.72446
    170       3587.71118   0.0341   0.1108       2604.31567        417.12137
    180       3488.23340   0.0346   0.1026       2685.52686        430.12860
    190       3597.08911   0.0341   0.0995       2575.25244        412.46643
    200       3538.57495   0.0347   0.0884       2676.52661        428.68707
    210       3153.18408   0.0319   0.0952       2254.91821        361.15997
    220       3201.06494   0.0312   0.0861       2161.36597        346.17615
    230       3188.84595   0.0312   0.0911       2187.92920        350.43063
    240       3177.59668   0.0313   0.0833       2171.63721        347.82123
    250       3133.11865   0.0320   0.0858       2294.45605        367.49255
    260       3184.05249   0.0314   0.0859       2195.08130        351.57617
    270       3180.26807   0.0314   0.0856       2191.65649        351.02762
    280       3154.06958   0.0316   0.0874       2211.80200        354.25424
    290       3183.53296   0.0315   0.0932       2207.53149        353.57025
    300       3209.91895   0.0313   0.0877       2177.63232        348.78143
# Conjugate gradients optimization
#  Step   Current energy Av shift Mx shift   Funcs         Gradient
      0       3209.91895   0.0000   0.0000       1      3.18814e+06
     10       1463.57336   0.0111   0.0391      21            44861
     20       1306.03223   0.0073   0.0263      41            16280
     30       1236.79968   0.0086   0.0465      62          29167.9
     40       1192.73962   0.0056   0.0361      82          7740.75
     50       1165.48499   0.0055   0.0372     102          4697.97
     60       1147.94727   0.0028   0.0170     122          2936.41
     70       1137.13220   0.0021   0.0153     142          2139.38
     80       1127.60925   0.0051   0.0532     162          2903.67
     87       1120.68054   0.0010   0.0085     176          1166.02
