# Conjugate gradients optimization
#  Step   Current energy Av shift Mx shift   Funcs         Gradient
      0      12932.06934   0.0000   0.0000       1           555211
     10        529.67511   0.0625   1.4880      21          1808.31
     20        192.52586   0.0174   0.4547      41          278.902
     30        120.80312   0.0184   0.5828      62          307.961
     40         79.50770   0.0144   0.3682      82          168.369
     50         49.99059   0.0141   0.3990     102          48.5075
     60         34.74724   0.0197   0.4519     122          41.1535
     70         26.54219   0.0059   0.1223     142          17.2296
     80         18.56303   0.0099   0.1877     162          9.90149
     90         14.96291   0.0190   0.3634     183           4.2904
     99         12.93985   0.0103   0.2015     201           2.7012
# Conjugate gradients optimization
#  Step   Current energy Av shift Mx shift   Funcs         Gradient
      0        174.74602   0.0000   0.0000       1           289.41
     10        156.01163   0.0118   0.1762      21          387.227
     20        140.11125   0.0031   0.0439      41          114.354
     30        129.63048   0.0072   0.0887      61          205.859
     40        121.99745   0.0072   0.1219      81          175.576
     50        117.89211   0.0014   0.0213     103          47.3032
     60        115.72828   0.0020   0.0244     123          82.1462
     70        113.53139   0.0017   0.0273     143          38.6791
     80        110.07477   0.0021   0.0363     163          41.9757
     90        106.27720   0.0076   0.1174     183          109.984
     99        103.43060   0.0036   0.0473     201           51.495
# Conjugate gradients optimization
#  Step   Current energy Av shift Mx shift   Funcs         Gradient
      0        570.31628   0.0000   0.0000       1          1419.87
     10        559.01660   0.0008   0.0163      21          477.641
     20        546.04681   0.0023   0.0273      41          854.106
     30        536.45758   0.0041   0.0369      61          1190.98
     40        525.50629   0.0038   0.0369      81           1037.6
     50        518.28009   0.0009   0.0102     101           560.15
     51        517.97675   0.0007   0.0075     103          362.934
# Conjugate gradients optimization
#  Step   Current energy Av shift Mx shift   Funcs         Gradient
      0       1090.48547   0.0000   0.0000       1          2104.86
      1       1089.83008   0.0005   0.0061       3          2505.04
# Conjugate gradients optimization
#  Step   Current energy Av shift Mx shift   Funcs         Gradient
      0       1154.19214   0.0000   0.0000       1          3544.51
      1       1153.42651   0.0005   0.0085       3          3848.97
# Conjugate gradients optimization
#  Step   Current energy Av shift Mx shift   Funcs         Gradient
      0       1409.89563   0.0000   0.0000       1          9890.21
     10       1276.60730   0.0049   0.0914      21          18384.1
     20       1222.20911   0.0038   0.0698      41          7788.43
     23       1213.07397   0.0006   0.0087      48          2927.97
# Conjugate gradients optimization
#  Step   Current energy Av shift Mx shift   Funcs         Gradient
      0       1835.82703   0.0000   0.0000       1          15770.1
     10       1583.73621   0.0067   0.1695      21          54624.7
     20       1432.85156   0.0010   0.0283      42          14577.5
     30       1347.91321   0.0047   0.0706      62            12435
     40       1296.21326   0.0038   0.0424      82          9105.62
     50       1255.32629   0.0058   0.0660     102          7545.23
     60       1215.33118   0.0039   0.0566     122           6931.1
     70       1184.05396   0.0067   0.0784     142          4706.91
     80       1160.31873   0.0039   0.0589     162          4580.58
     90       1144.76562   0.0014   0.0123     182          2076.61
     91       1144.19751   0.0006   0.0063     184          1595.74
# Conjugate gradients optimization
#  Step   Current energy Av shift Mx shift   Funcs         Gradient
      0       1238.11426   0.0000   0.0000       1          2712.69
      2       1236.40088   0.0003   0.0081       5           1514.5
# Conjugate gradients optimization
#  Step   Current energy Av shift Mx shift   Funcs         Gradient
      0       1846.68298   0.0000   0.0000       1          16179.2
     10       1566.01880   0.0058   0.1417      21          41698.6
     20       1443.54871   0.0017   0.0357      41           8231.1
     30       1380.87390   0.0047   0.0909      61          9453.31
     40       1333.17859   0.0043   0.0579      81          8275.49
     50       1291.31311   0.0053   0.0670     101           7414.3
     60       1258.67102   0.0015   0.0323     121          4620.79
     70       1237.96729   0.0013   0.0201     142          3874.98
     80       1227.06567   0.0029   0.0566     162          5408.59
     86       1214.81653   0.0005   0.0065     174          1827.26
# Conjugate gradients optimization
#  Step   Current energy Av shift Mx shift   Funcs         Gradient
      0       1633.07861   0.0000   0.0000       1          8006.63
     10       1570.28076   0.0027   0.0650      21          15346.2
     20       1492.14319   0.0048   0.0995      41          15211.7
     30       1417.15796   0.0065   0.1471      61          14871.6
# Conjugate gradients optimization
#  Step   Current energy Av shift Mx shift   Funcs         Gradient
      0       1239.02063   0.0000   0.0000       1          4074.41
      6       1221.57410   0.0005   0.0079      13          2500.57
# Conjugate gradients optimization
#  Step   Current energy Av shift Mx shift   Funcs         Gradient
      0       3111.11987   0.0000   0.0000       1          82662.9
     10       2202.76416   0.0059   0.1650      21          61937.1
     20       1918.94080   0.0073   0.1288      41          39548.7
     30       1729.86096   0.0058   0.0898      61          31243.8
     40       1592.67944   0.0018   0.0296      82          15374.7
     50       1528.95044   0.0049   0.0912     102          21198.9
     60       1446.74866   0.0048   0.0658     122          18065.9
     70       1370.88440   0.0073   0.1118     142          19445.1
     80       1289.20862   0.0062   0.0886     162          17399.7
     90       1233.65503   0.0055   0.0714     182          7683.55
# Conjugate gradients optimization
#  Step   Current energy Av shift Mx shift   Funcs         Gradient
      0       1284.99683   0.0000   0.0000       1          7788.97
      4       1275.94592   0.0003   0.0040       9          2133.85
# Conjugate gradients optimization
#  Step   Current energy Av shift Mx shift   Funcs         Gradient
      0       1340.45007   0.0000   0.0000       1          3656.38
     10       1289.75146   0.0025   0.0259      21          7094.22
     20       1265.20569   0.0024   0.0218      41          4529.14
     27       1253.39197   0.0006   0.0055      55          2092.73
# Conjugate gradients optimization
#  Step   Current energy Av shift Mx shift   Funcs         Gradient
      0       1428.46863   0.0000   0.0000       1          6140.79
     10       1369.96582   0.0044   0.0578      21          8390.82
     20       1325.10828   0.0050   0.0419      41          7534.82
     28       1299.40833   0.0004   0.0050      57          2013.85
# Conjugate gradients optimization
#  Step   Current energy Av shift Mx shift   Funcs         Gradient
      0       1499.25903   0.0000   0.0000       1           8124.7
     10       1394.53540   0.0050   0.0614      21          13888.3
     20       1327.82520   0.0038   0.0331      41          8912.37
     30       1290.49927   0.0046   0.0383      61          7088.85
     40       1268.36340   0.0119   0.0714      81          19339.4
     42       1263.44214   0.0007   0.0099      85          1474.53
# Conjugate gradients optimization
#  Step   Current energy Av shift Mx shift   Funcs         Gradient
      0       1351.12427   0.0000   0.0000       1          4649.48
     10       1313.94861   0.0023   0.0415      21          5262.65
     20       1283.58533   0.0041   0.0541      41           7416.1
# Conjugate gradients optimization
#  Step   Current energy Av shift Mx shift   Funcs         Gradient
      0       1305.91760   0.0000   0.0000       1          3929.33
      1       1304.48962   0.0005   0.0082       3          4291.02
# Conjugate gradients optimization
#  Step   Current energy Av shift Mx shift   Funcs         Gradient
      0       1379.53735   0.0000   0.0000       1          6936.71
      1       1377.59326   0.0005   0.0090       3           7479.8
# Conjugate gradients optimization
#  Step   Current energy Av shift Mx shift   Funcs         Gradient
      0       1541.44507   0.0000   0.0000       1          14434.3
     10       1408.85266   0.0036   0.0388      21          10645.1
     20       1336.51758   0.0034   0.0197      41          6062.75
     30       1300.72974   0.0038   0.0315      61          6218.84
# Conjugate gradients optimization
#  Step   Current energy Av shift Mx shift   Funcs         Gradient
      0       1325.13391   0.0000   0.0000       1          3086.81
      1       1324.07837   0.0005   0.0098       3          2603.14
# Conjugate gradients optimization
#  Step   Current energy Av shift Mx shift   Funcs         Gradient
      0       1325.57690   0.0000   0.0000       1          2626.05
      1       1325.01160   0.0003   0.0051       3          1620.59
# Conjugate gradients optimization
#  Step   Current energy Av shift Mx shift   Funcs         Gradient
      0       1463.56714   0.0000   0.0000       1          4710.09
      4       1450.81616   0.0007   0.0099       9          4803.03
# Conjugate gradients optimization
#  Step   Current energy Av shift Mx shift   Funcs         Gradient
      0       2344.67798   0.0000   0.0000       1           124730
     10       1682.89490   0.0073   0.1685      21            49804
     20       1524.20850   0.0042   0.1082      41          23024.5
     30       1442.17114   0.0030   0.0957      62          13930.7
     40       1392.79248   0.0032   0.0726      82          8104.25
     50       1360.70850   0.0026   0.0506     102          3830.89
     60       1344.71436   0.0025   0.0391     122           2955.5
     70       1330.54736   0.0032   0.0495     142          2704.55
     76       1321.79675   0.0007   0.0068     155          1293.31
# Conjugate gradients optimization
#  Step   Current energy Av shift Mx shift   Funcs         Gradient
      0       1362.12878   0.0000   0.0000       1          16035.8
     10       1331.43054   0.0014   0.0391      21          2254.67
     20       1323.85168   0.0023   0.0795      41          1957.69
     30       1311.54346   0.0033   0.0483      61          2978.53
     40       1301.69202   0.0016   0.0313      81          1578.83
     50       1293.01758   0.0055   0.0813     101             3253
     56       1288.37854   0.0003   0.0037     113          607.612
# Conjugate gradients optimization
#  Step   Current energy Av shift Mx shift   Funcs         Gradient
      0       1290.49084   0.0000   0.0000       1          1558.35
      1       1290.07080   0.0003   0.0073       3          2091.69
# Molecular dynamics simulation at 150.00 K
#  Step   Current energy Av shift Mx shift   Kinetic energy    Kinetic temp.
      0       1290.07080   0.0000   0.0000       1054.79785        156.96045
     10       1924.35767   0.0157   0.0443        593.80206         88.36143
     20       2064.11353   0.0189   0.0561        864.60767        128.65898
     30       2172.53687   0.0191   0.0576        883.19800        131.42532
     40       2217.76489   0.0200   0.0586        958.04291        142.56271
     50       2310.21777   0.0195   0.0578        917.87823        136.58597
# Molecular dynamics simulation at 400.00 K
#  Step   Current energy Av shift Mx shift   Kinetic energy    Kinetic temp.
      0       2310.21777   0.0000   0.0000       1008.02246        149.99998
     10       2282.85693   0.0209   0.0687       1056.40186        157.19914
     20       3053.92822   0.0279   0.1093       1891.59814        281.48151
     30       3437.29297   0.0325   0.1081       2559.05029        380.80252
     40       3457.75537   0.0316   0.1035       2430.30396        361.64429
     50       3676.49658   0.0331   0.1093       2630.66113        391.45868
# Molecular dynamics simulation at 1000.00 K
#  Step   Current energy Av shift Mx shift   Kinetic energy    Kinetic temp.
      0       3676.49658   0.0000   0.0000       2688.05884        399.99979
     10       3700.15820   0.0320   0.1164       2476.99316        368.59192
     20       5654.33984   0.0461   0.1646       5203.69922        774.34265
     30       6049.71436   0.0502   0.1652       6187.12158        920.68201
     40       6710.55273   0.0504   0.1753       6220.49219        925.64777
     50       6860.84570   0.0506   0.1874       6331.64600        942.18811
# Molecular dynamics simulation at 1000.00 K
#  Step   Current energy Av shift Mx shift   Kinetic energy    Kinetic temp.
      0       6860.84570   0.0000   0.0000       6720.14648        999.99939
     10       7099.27832   0.0512   0.1981       6463.26318        961.77356
     20       7038.50000   0.0525   0.1784       6734.61670       1002.15265
     30       7043.28027   0.0513   0.1752       6430.22607        956.85748
     40       7382.03418   0.0508   0.1629       6304.29785        938.11853
     50       7070.46826   0.0516   0.1827       6506.39990        968.19257
     60       7381.26562   0.0500   0.1552       6121.77490        910.95801
     70       7026.31982   0.0513   0.1631       6389.95654        950.86511
     80       7119.05811   0.0510   0.1713       6338.22852        943.16766
     90       7232.43164   0.0509   0.1709       6303.03564        937.93073
    100       7153.46533   0.0509   0.1537       6260.38477        931.58405
    110       7471.25391   0.0522   0.1985       6586.18555        980.06519
    120       7367.63867   0.0523   0.1568       6608.95703        983.45374
    130       7427.50928   0.0519   0.1647       6483.34570        964.76196
    140       7370.70166   0.0523   0.1603       6589.14941        980.50623
    150       7454.94141   0.0520   0.1548       6544.36377        973.84186
    160       7465.90137   0.0521   0.1715       6576.94238        978.68976
    170       7460.57422   0.0522   0.1521       6540.43066        973.25659
    180       7617.37549   0.0514   0.1702       6437.31348        957.91211
    190       7369.44873   0.0525   0.1496       6573.73975        978.21320
    200       7394.56641   0.0520   0.1434       6529.58398        971.64252
    210       7510.32227   0.0523   0.1549       6575.18018        978.42755
    220       7593.42480   0.0524   0.1820       6618.54102        984.87988
    230       7539.62256   0.0525   0.1627       6612.67041        984.00629
    240       7650.20801   0.0520   0.1731       6476.43652        963.73383
    250       7525.02148   0.0527   0.1877       6734.93262       1002.19965
    260       7599.93848   0.0519   0.1942       6554.80029        975.39490
    270       7644.51318   0.0523   0.1554       6591.43994        980.84705
    280       7417.39014   0.0531   0.1623       6746.24561       1003.88312
    290       7404.96680   0.0526   0.1783       6664.04590        991.65131
    300       7624.17578   0.0528   0.1966       6648.89795        989.39716
# Molecular dynamics simulation at 800.00 K
#  Step   Current energy Av shift Mx shift   Kinetic energy    Kinetic temp.
      0       7624.17578   0.0000   0.0000       6720.14844        999.99969
     10       7583.39453   0.0528   0.1590       6716.30322        999.42749
     20       7511.57568   0.0531   0.1651       6764.18359       1006.55243
     30       7722.67090   0.0524   0.1499       6586.07031        980.04803
     40       7713.05127   0.0525   0.1555       6609.69043        983.56287
     50       7769.57422   0.0522   0.1582       6494.32471        966.39575
     60       7668.88477   0.0525   0.1561       6589.75684        980.59662
     70       7560.09375   0.0531   0.1602       6707.93066        998.18164
     80       7588.89111   0.0525   0.1484       6584.51611        979.81677
     90       7688.72900   0.0526   0.1360       6603.37646        982.62329
    100       7446.47998   0.0533   0.1396       6747.46436       1004.06445
    110       6928.69189   0.0500   0.1424       5968.20752        888.10626
    120       6980.57373   0.0494   0.1501       5824.35352        866.69989
    130       6889.85107   0.0498   0.1391       5922.50928        881.30603
    140       6849.20752   0.0503   0.1584       6019.51074        895.74048
    150       6965.40625   0.0495   0.1843       5880.30371        875.02557
    160       7045.28809   0.0496   0.1700       5912.04297        879.74860
    170       6927.17725   0.0496   0.1622       5926.88574        881.95728
    180       7031.11768   0.0493   0.1353       5831.37158        867.74420
    190       6797.29639   0.0504   0.1397       6067.86914        902.93652
    200       6984.56689   0.0495   0.1391       5872.74658        873.90106
    210       6769.42480   0.0488   0.1371       5686.27881        846.15350
    220       6708.57861   0.0485   0.1364       5631.15479        837.95068
    230       6781.79932   0.0485   0.1329       5639.23193        839.15265
    240       6683.15430   0.0485   0.1286       5610.29346        834.84637
    250       6671.20752   0.0490   0.1518       5712.47314        850.05139
    260       6653.06445   0.0490   0.1405       5715.13037        850.44678
    270       6758.74170   0.0489   0.1443       5675.82812        844.59839
    280       6857.61182   0.0483   0.1438       5592.76807        832.23853
    290       6809.81836   0.0481   0.1375       5525.52100        822.23175
    300       6728.88086   0.0490   0.1279       5732.81543        853.07843
# Molecular dynamics simulation at 500.00 K
#  Step   Current energy Av shift Mx shift   Kinetic energy    Kinetic temp.
      0       6728.88086   0.0000   0.0000       5376.11816        799.99969
     10       6621.55176   0.0474   0.1272       5366.80908        798.61444
     20       6597.64600   0.0474   0.1540       5401.19141        803.73071
     30       6506.28906   0.0483   0.1375       5564.00098        827.95782
     40       6596.70361   0.0476   0.1294       5393.32227        802.55975
     50       6571.21094   0.0481   0.1284       5488.32666        816.69696
     60       6725.09180   0.0473   0.1251       5364.12256        798.21466
     70       6697.15381   0.0470   0.1286       5325.94092        792.53296
     80       6555.34863   0.0477   0.1272       5412.45605        805.40698
     90       6512.44678   0.0483   0.1334       5549.48828        825.79822
    100       6541.94287   0.0482   0.1357       5526.87256        822.43286
    110       5477.51855   0.0429   0.1252       4429.26074        659.10144
    120       5525.94336   0.0426   0.1173       4305.42920        640.67450
    130       5500.91846   0.0430   0.1191       4438.69824        660.50580
    140       5385.34131   0.0433   0.1172       4484.73584        667.35645
    150       5508.77002   0.0434   0.1128       4453.36865        662.68884
    160       5537.35352   0.0423   0.1201       4291.04639        638.53430
    170       5502.99072   0.0433   0.1250       4447.17871        661.76770
    180       5529.03809   0.0425   0.1118       4333.70752        644.88251
    190       5573.97363   0.0425   0.1119       4331.01318        644.48157
    200       5628.25928   0.0425   0.1363       4327.87891        644.01520
    210       5102.63965   0.0404   0.1196       3887.34155        578.46051
    220       4992.81787   0.0402   0.1225       3860.91675        574.52832
    230       5009.32520   0.0408   0.1201       3964.83032        589.99127
    240       5070.75391   0.0405   0.1093       3907.80298        581.50531
    250       4983.92773   0.0408   0.1146       3973.66138        591.30542
    260       5030.43896   0.0407   0.1318       3953.06421        588.24042
    270       5131.76758   0.0403   0.1108       3868.64697        575.67865
    280       5036.76758   0.0404   0.1222       3923.36646        583.82123
    290       5102.93701   0.0403   0.1180       3884.49805        578.03735
    300       4963.31250   0.0411   0.1179       4027.09863        599.25720
# Molecular dynamics simulation at 300.00 K
#  Step   Current energy Av shift Mx shift   Kinetic energy    Kinetic temp.
      0       4963.31250   0.0000   0.0000       3360.07593        500.00009
     10       4673.49219   0.0389   0.1143       3622.13281        538.99579
     20       4701.22119   0.0384   0.1116       3515.45972        523.12219
     30       4789.01172   0.0385   0.1056       3527.10303        524.85480
     40       4638.36865   0.0391   0.1211       3640.12061        541.67249
     50       4746.70068   0.0385   0.1123       3548.03979        527.97028
     60       4682.02441   0.0387   0.1292       3590.87500        534.34442
     70       4692.27100   0.0388   0.0965       3597.00586        535.25671
     80       4747.30225   0.0386   0.1035       3537.88257        526.45886
     90       4775.42188   0.0387   0.1061       3573.10059        531.69946
    100       4703.23145   0.0386   0.1054       3569.71362        531.19550
    110       4045.47144   0.0341   0.1046       2789.55640        415.10327
    120       3919.27539   0.0340   0.0886       2771.15308        412.36475
    130       3948.04126   0.0342   0.0899       2785.57495        414.51080
    140       3902.60840   0.0343   0.1052       2839.93237        422.59952
    150       3923.48364   0.0347   0.0995       2891.57471        430.28421
    160       3989.71509   0.0342   0.1078       2799.88281        416.63989
    170       3959.98511   0.0341   0.0982       2795.35693        415.96643
    180       3920.00879   0.0346   0.0946       2863.82300        426.15460
    190       3942.36743   0.0344   0.1078       2826.96973        420.67059
    200       3934.03784   0.0342   0.0954       2803.15039        417.12613
    210       3543.76880   0.0321   0.1010       2496.57373        371.50562
    220       3546.77734   0.0318   0.0836       2424.37134        360.76147
    230       3581.22217   0.0317   0.0990       2418.26831        359.85330
    240       3634.92969   0.0314   0.0955       2372.29248        353.01181
    250       3647.05225   0.0314   0.0802       2374.11963        353.28369
    260       3572.01294   0.0315   0.1001       2377.96460        353.85587
    270       3591.62915   0.0316   0.0848       2393.89844        356.22690
    280       3586.96021   0.0317   0.0877       2417.71655        359.77118
    290       3572.27173   0.0317   0.0925       2407.17456        358.20248
    300       3571.65503   0.0316   0.0806       2369.67554        352.62241
# Conjugate gradients optimization
#  Step   Current energy Av shift Mx shift   Funcs         Gradient
      0       3571.65503   0.0000   0.0000       1      3.72158e+06
     10       1589.37830   0.0118   0.0434      21          55394.9
     20       1412.17603   0.0068   0.0246      42          14315.2
     30       1336.27393   0.0101   0.0483      63          26758.4
     40       1292.68677   0.0053   0.0303      83          7145.99
     50       1266.10876   0.0039   0.0206     103          4453.59
     60       1249.29187   0.0028   0.0143     124          2406.17
     70       1238.20251   0.0025   0.0173     144          1907.97
     75       1234.60181   0.0015   0.0090     154          1204.88
