# Conjugate gradients optimization
#  Step   Current energy Av shift Mx shift   Funcs         Gradient
      0      19676.10547   0.0000   0.0000       1           617603
     10        869.49329   0.0538   2.6333      21          2819.34
     20        418.95529   0.0193   0.8081      41          742.956
     30        262.48587   0.0090   0.3445      64          272.293
     40        209.11066   0.0255   0.7099      84           528.87
     50        116.09373   0.0052   0.2670     104          169.987
     60         95.13187   0.0020   0.1802     124          123.026
     70         87.65652   0.0022   0.0610     145          66.6863
     77         85.54199   0.0004   0.0101     201          8686.31
# Conjugate gradients optimization
#  Step   Current energy Av shift Mx shift   Funcs         Gradient
      0        897.79840   0.0000   0.0000       1           868901
      1        897.79309   0.0000   0.0000      16          40344.3
# Conjugate gradients optimization
#  Step   Current energy Av shift Mx shift   Funcs         Gradient
      0       4627.46924   0.0000   0.0000       1      1.00979e+06
      1       4627.44531   0.0000   0.0000      14           146269
# Conjugate gradients optimization
#  Step   Current energy Av shift Mx shift   Funcs         Gradient
      0       9403.25293   0.0000   0.0000       1           589271
     10       8953.98145   0.0051   0.1383      21           269295
     20       6245.53613   0.0378   0.9493      42      1.16992e+06
     30       3650.94946   0.0127   0.3120      62           282765
     40       2686.35083   0.0109   0.2026      83          81690.4
     50       2407.41895   0.0081   0.1617     103          53815.9
     60       2066.79443   0.0179   0.3216     123          81777.3
     70       1741.33557   0.0125   0.2053     143          53562.5
     80       1548.14795   0.0126   0.1968     163          35330.3
     90       1428.10425   0.0091   0.1458     183          26043.9
     99       1337.98315   0.0100   0.1479     201          24040.3
# Conjugate gradients optimization
#  Step   Current energy Av shift Mx shift   Funcs         Gradient
      0       1375.72815   0.0000   0.0000       1          24520.4
     10       1318.68628   0.0074   0.1275      21          14302.8
     20       1259.40137   0.0052   0.0912      41          8146.58
     30       1210.90039   0.0053   0.0968      61          10014.9
     40       1171.92456   0.0011   0.0172      83          4029.28
     45       1164.65173   0.0007   0.0095      93          1537.23
# Conjugate gradients optimization
#  Step   Current energy Av shift Mx shift   Funcs         Gradient
      0       1238.85596   0.0000   0.0000       1          2180.71
      1       1238.04333   0.0005   0.0072       3          2082.36
# Conjugate gradients optimization
#  Step   Current energy Av shift Mx shift   Funcs         Gradient
      0       1820.27820   0.0000   0.0000       1          11443.6
     10       1606.09619   0.0023   0.0694      21          12542.2
     20       1476.62524   0.0060   0.1645      41            14151
     30       1395.00427   0.0081   0.1663      61          14668.4
     40       1342.55017   0.0042   0.0663      81           5947.2
     50       1311.28796   0.0056   0.0787     101          7796.49
     60       1288.54272   0.0041   0.0525     121          6008.31
     70       1260.51489   0.0048   0.0630     141          6582.52
     80       1228.21594   0.0068   0.0940     161          5452.84
     90       1201.21594   0.0075   0.1012     181          4959.24
# Conjugate gradients optimization
#  Step   Current energy Av shift Mx shift   Funcs         Gradient
      0       1417.11743   0.0000   0.0000       1          6864.24
      5       1400.17212   0.0007   0.0089      11          3656.77
# Conjugate gradients optimization
#  Step   Current energy Av shift Mx shift   Funcs         Gradient
      0       3371.24292   0.0000   0.0000       1          38906.8
     10       2540.82129   0.0070   0.3280      21          94939.1
     20       2246.62988   0.0065   0.1481      41          48980.2
     30       2042.06677   0.0079   0.1508      61          23191.8
     40       1908.56555   0.0109   0.1635      81            33520
     50       1756.44531   0.0116   0.1750     101          32677.1
     60       1636.09802   0.0094   0.1753     121            19186
     70       1532.85999   0.0093   0.1659     141          19263.6
     80       1440.75378   0.0094   0.1659     161          19396.3
     90       1357.44275   0.0072   0.1214     181           9870.4
# Conjugate gradients optimization
#  Step   Current energy Av shift Mx shift   Funcs         Gradient
      0       2029.30261   0.0000   0.0000       1          25840.4
     10       1798.99634   0.0062   0.1069      21          33768.7
     20       1671.68750   0.0057   0.1037      41          20455.7
     30       1596.41138   0.0056   0.0588      61          12176.3
     40       1529.83984   0.0060   0.0619      81          12834.9
     49       1480.37781   0.0008   0.0079     100          3337.39
# Conjugate gradients optimization
#  Step   Current energy Av shift Mx shift   Funcs         Gradient
      0       1312.83325   0.0000   0.0000       1          4828.47
     10       1281.27600   0.0031   0.0435      21          9433.71
     20       1238.73071   0.0030   0.0369      41          5447.89
     27       1219.72363   0.0004   0.0043      56          1057.76
# Conjugate gradients optimization
#  Step   Current energy Av shift Mx shift   Funcs         Gradient
      0       5408.19434   0.0000   0.0000       1           157733
     10       3409.62988   0.0113   0.3742      21           217390
     20       2720.91113   0.0106   0.2442      41          83999.6
     30       2335.43701   0.0142   0.2011      61          50179.2
     40       2106.77710   0.0018   0.0424      82          19780.8
     50       1871.87695   0.0023   0.0421     103          25024.9
     60       1756.75867   0.0048   0.0613     123            18106
     70       1657.66040   0.0097   0.1259     143            21883
     80       1562.07214   0.0114   0.1587     163          12799.9
     90       1467.68115   0.0172   0.2676     183          25105.2
     99       1377.79358   0.0117   0.1769     201          18390.7
# Conjugate gradients optimization
#  Step   Current energy Av shift Mx shift   Funcs         Gradient
      0       1555.36267   0.0000   0.0000       1          20681.2
     10       1462.95227   0.0014   0.0236      22          9974.74
     20       1403.74207   0.0066   0.0737      42          8984.38
     30       1360.08740   0.0052   0.0454      62           7374.8
     39       1328.67249   0.0007   0.0096      81          2703.69
# Conjugate gradients optimization
#  Step   Current energy Av shift Mx shift   Funcs         Gradient
      0       1446.93799   0.0000   0.0000       1           5265.1
     10       1402.93591   0.0039   0.0399      21          7480.31
     20       1367.47217   0.0053   0.0473      41          6571.31
     30       1332.16675   0.0070   0.0660      61          5989.54
     40       1302.60461   0.0105   0.0773      81          12947.4
     44       1294.82117   0.0004   0.0064      89          1093.83
# Conjugate gradients optimization
#  Step   Current energy Av shift Mx shift   Funcs         Gradient
      0       1381.95642   0.0000   0.0000       1          2899.12
     10       1349.51575   0.0029   0.0307      21          6798.67
     20       1328.04089   0.0043   0.0365      41          3200.72
     30       1302.93250   0.0043   0.0274      61          5551.38
     40       1275.32495   0.0097   0.0615      81          7448.11
     50       1238.93701   0.0119   0.0781     101          9136.02
     60       1198.55652   0.0077   0.0523     121          6894.65
     70       1170.56848   0.0024   0.0151     141          2324.76
     73       1166.17004   0.0004   0.0035     147          1165.95
# Conjugate gradients optimization
#  Step   Current energy Av shift Mx shift   Funcs         Gradient
      0       1254.02148   0.0000   0.0000       1          2524.61
     10       1230.92725   0.0032   0.0388      21          6332.71
     18       1219.78943   0.0007   0.0070      37          1397.25
# Conjugate gradients optimization
#  Step   Current energy Av shift Mx shift   Funcs         Gradient
      0       1627.99451   0.0000   0.0000       1          15070.5
     10       1452.08203   0.0068   0.0770      21          19780.1
     20       1380.31287   0.0065   0.0541      41          13117.5
# Conjugate gradients optimization
#  Step   Current energy Av shift Mx shift   Funcs         Gradient
      0       1397.15125   0.0000   0.0000       1          6209.66
      1       1395.52380   0.0005   0.0071       3          4138.78
# Conjugate gradients optimization
#  Step   Current energy Av shift Mx shift   Funcs         Gradient
      0       1461.34338   0.0000   0.0000       1          5928.06
      1       1459.61133   0.0006   0.0090       3          6115.53
# Conjugate gradients optimization
#  Step   Current energy Av shift Mx shift   Funcs         Gradient
      0       1605.07544   0.0000   0.0000       1          10320.5
     10       1486.83936   0.0056   0.0505      21          12849.4
     20       1417.28442   0.0072   0.0521      41          10716.2
     30       1364.87061   0.0093   0.0467      61          10451.2
     40       1319.04211   0.0097   0.0480      81          8146.74
     50       1284.29407   0.0079   0.0408     101          6818.67
     60       1256.80676   0.0063   0.0317     121          5128.81
     68       1238.64771   0.0019   0.0095     138          4116.24
# Conjugate gradients optimization
#  Step   Current energy Av shift Mx shift   Funcs         Gradient
      0       1360.79419   0.0000   0.0000       1          10067.2
     10       1295.87598   0.0028   0.0509      21          7135.77
     20       1268.55310   0.0033   0.0268      41          4522.46
     30       1249.61536   0.0037   0.0273      61          4048.78
     40       1229.76270   0.0073   0.0542      81          4115.32
     50       1209.08984   0.0062   0.0335     101          4060.56
     60       1192.07605   0.0049   0.0250     121          3400.92
     70       1177.76465   0.0027   0.0141     141          1422.75
     80       1162.31018   0.0038   0.0214     161          2944.67
     82       1160.25476   0.0015   0.0093     165          1857.04
# Conjugate gradients optimization
#  Step   Current energy Av shift Mx shift   Funcs         Gradient
      0       1198.26099   0.0000   0.0000       1          2722.41
      1       1197.41309   0.0005   0.0084       3          1884.12
# Conjugate gradients optimization
#  Step   Current energy Av shift Mx shift   Funcs         Gradient
      0       1248.62231   0.0000   0.0000       1          2965.45
      4       1238.93750   0.0006   0.0098       9           1757.4
# Conjugate gradients optimization
#  Step   Current energy Av shift Mx shift   Funcs         Gradient
      0       1434.80725   0.0000   0.0000       1            25453
     10       1250.87109   0.0035   0.0954      22          7228.29
     20       1216.20068   0.0030   0.0345      42          3413.16
     30       1198.45508   0.0039   0.0497      62          3429.54
     40       1185.89038   0.0028   0.0334      82          1872.84
     50       1177.14685   0.0027   0.0321     102          1841.58
     53       1174.77502   0.0009   0.0074     109          1002.76
# Conjugate gradients optimization
#  Step   Current energy Av shift Mx shift   Funcs         Gradient
      0       1191.84644   0.0000   0.0000       1          7955.22
      5       1180.58142   0.0007   0.0088      11          1123.79
# Conjugate gradients optimization
#  Step   Current energy Av shift Mx shift   Funcs         Gradient
      0       1184.49365   0.0000   0.0000       1          3215.94
      4       1181.56213   0.0001   0.0066       9           500.44
# Molecular dynamics simulation at 150.00 K
#  Step   Current energy Av shift Mx shift   Kinetic energy    Kinetic temp.
      0       1181.56213   0.0000   0.0000        902.44604        149.16655
     10       1705.50854   0.0155   0.0485        522.88232         86.42794
     20       1855.35254   0.0187   0.0534        750.90509        124.11813
     30       1973.50098   0.0189   0.0500        777.13495        128.45370
     40       2009.65332   0.0199   0.0591        866.64703        143.24928
     50       2066.74634   0.0197   0.0550        849.18933        140.36368
# Molecular dynamics simulation at 400.00 K
#  Step   Current energy Av shift Mx shift   Kinetic energy    Kinetic temp.
      0       2066.74634   0.0000   0.0000        907.48773        149.99989
     10       2030.19043   0.0211   0.0591        961.36646        158.90558
     20       2714.19189   0.0280   0.0876       1720.38684        284.36511
     30       3102.17407   0.0322   0.0955       2261.90332        373.87311
     40       3104.91772   0.0315   0.0951       2159.52612        356.95105
     50       3377.84741   0.0326   0.1066       2343.04565        387.28525
# Molecular dynamics simulation at 1000.00 K
#  Step   Current energy Av shift Mx shift   Kinetic energy    Kinetic temp.
      0       3377.84741   0.0000   0.0000       2419.96704        399.99966
     10       3316.72607   0.0324   0.0916       2288.61523        378.28836
     20       4955.21436   0.0465   0.1462       4754.96973        785.95551
     30       5398.71875   0.0501   0.1700       5533.28418        914.60413
     40       5985.19482   0.0503   0.1835       5524.24072        913.10931
     50       6105.89600   0.0516   0.1664       5831.21631        963.84973
# Molecular dynamics simulation at 1000.00 K
#  Step   Current energy Av shift Mx shift   Kinetic energy    Kinetic temp.
      0       6105.89600   0.0000   0.0000       6049.92041        999.99963
     10       6274.78125   0.0514   0.1474       5836.36719        964.70117
     20       6307.15234   0.0520   0.1744       5971.45459        987.02991
     30       6243.54053   0.0516   0.1669       5809.27832        960.22357
     40       6421.35791   0.0513   0.1610       5809.24072        960.21741
     50       6467.71533   0.0509   0.1634       5677.23242        938.39752
     60       6481.89990   0.0512   0.1753       5760.41553        952.14697
     70       6519.91602   0.0506   0.1625       5622.34180        929.32458
     80       6599.62061   0.0504   0.1509       5567.69238        920.29150
     90       6589.98145   0.0504   0.1504       5542.87061        916.18872
    100       6577.74414   0.0505   0.1416       5541.07959        915.89264
    110       6827.30957   0.0516   0.1465       5788.41016        956.77429
    120       6877.94580   0.0521   0.1358       5851.79492        967.25122
    130       6843.02393   0.0517   0.1498       5808.15918        960.03864
    140       6873.67383   0.0516   0.1515       5749.62939        950.36414
    150       6827.28027   0.0518   0.1359       5784.79150        956.17615
    160       6742.16406   0.0520   0.1513       5911.29590        977.08624
    170       6720.83789   0.0522   0.1565       5922.86426        978.99835
    180       6787.78760   0.0519   0.1362       5807.76221        959.97302
    190       6742.93359   0.0522   0.1535       5922.91260        979.00635
    200       6551.29541   0.0529   0.1389       6025.68262        995.99335
    210       6675.28174   0.0520   0.1482       5871.23291        970.46417
    220       6737.44824   0.0525   0.1519       5924.45361        979.26111
    230       6758.70068   0.0520   0.1564       5906.95801        976.36920
    240       6796.77539   0.0520   0.1413       5821.80469        962.29413
    250       6766.89600   0.0522   0.1547       5920.53320        978.61310
    260       6784.42383   0.0519   0.1564       5813.56152        960.93158
    270       6793.56250   0.0520   0.1450       5851.01611        967.12250
    280       6745.55811   0.0527   0.1347       5952.14307        983.83789
    290       6798.29150   0.0525   0.1610       5973.05078        987.29376
    300       6831.32959   0.0519   0.1542       5828.66992        963.42883
# Molecular dynamics simulation at 800.00 K
#  Step   Current energy Av shift Mx shift   Kinetic energy    Kinetic temp.
      0       6831.32959   0.0000   0.0000       6049.92480       1000.00037
     10       7031.02930   0.0525   0.1495       5969.28027        986.67053
     20       6797.30908   0.0532   0.1403       6065.47412       1002.57056
     30       6869.80811   0.0529   0.1372       5995.50977        991.00604
     40       6944.52002   0.0527   0.1477       5943.31836        982.37927
     50       6978.71826   0.0528   0.1759       5985.20801        989.30328
     60       6868.24561   0.0528   0.1637       6017.98682        994.72131
     70       7120.87061   0.0514   0.1384       5693.30029        941.05341
     80       6801.41162   0.0529   0.1444       6030.50488        996.79047
     90       7008.71973   0.0524   0.1556       5915.48828        977.77917
    100       6947.49951   0.0528   0.1766       6000.92627        991.90137
    110       6498.93604   0.0492   0.1411       5213.74805        861.78760
    120       6393.06104   0.0498   0.1331       5364.80371        886.75580
    130       6483.77002   0.0493   0.1439       5211.32129        861.38647
    140       6286.64258   0.0503   0.1526       5443.02783        899.68555
    150       6330.47852   0.0503   0.1402       5459.06592        902.33649
    160       6402.38916   0.0498   0.1391       5339.52734        882.57782
    170       6200.82666   0.0507   0.1598       5534.48682        914.80292
    180       6407.04736   0.0496   0.1466       5330.56982        881.09723
    190       6352.84082   0.0499   0.1373       5369.25928        887.49225
    200       6340.96387   0.0499   0.1358       5336.52637        882.08179
    210       6062.84277   0.0491   0.1786       5228.33301        864.19836
    220       6002.79053   0.0490   0.1345       5152.49463        851.66290
    230       6071.05322   0.0494   0.1249       5213.54004        861.75317
    240       6043.40137   0.0490   0.1323       5168.14941        854.25055
    250       6144.22754   0.0488   0.1465       5139.09229        849.44763
    260       6124.06885   0.0490   0.1437       5171.75195        854.84601
    270       6104.93604   0.0487   0.1219       5113.96240        845.29388
    280       6137.56201   0.0487   0.1483       5126.33447        847.33887
    290       6059.14258   0.0488   0.1279       5159.42041        852.80768
    300       6018.72754   0.0491   0.1353       5212.61328        861.60004
# Molecular dynamics simulation at 500.00 K
#  Step   Current energy Av shift Mx shift   Kinetic energy    Kinetic temp.
      0       6018.72754   0.0000   0.0000       4839.93848        800.00006
     10       5966.52490   0.0479   0.1218       4907.72168        811.20404
     20       6072.56787   0.0474   0.1337       4846.81250        801.13629
     30       5941.60986   0.0479   0.1398       4922.54443        813.65411
     40       5957.18945   0.0477   0.1441       4888.69141        808.05853
     50       6031.80518   0.0475   0.1423       4883.33691        807.17346
     60       5904.64404   0.0478   0.1447       4918.90332        813.05231
     70       5973.38135   0.0478   0.1599       4928.32178        814.60907
     80       6006.69141   0.0477   0.1279       4884.56348        807.37622
     90       5962.58936   0.0480   0.1297       4951.99707        818.52240
    100       6036.34326   0.0474   0.1273       4880.05322        806.63068
    110       5106.89795   0.0432   0.1309       4033.40356        666.68683
    120       5070.78564   0.0422   0.1173       3852.95166        636.85968
    130       5047.12402   0.0435   0.1464       4074.27930        673.44324
    140       4980.20654   0.0432   0.1216       4007.22778        662.36017
    150       5040.38623   0.0438   0.1143       4118.57129        680.76428
    160       5062.28857   0.0431   0.1090       4005.32129        662.04504
    170       5047.53711   0.0434   0.1330       4045.04517        668.61108
    180       5054.23486   0.0433   0.1176       4022.01367        664.80414
    190       4978.30273   0.0433   0.1189       4043.04932        668.28119
    200       5020.72217   0.0435   0.1074       4063.11621        671.59808
    210       4547.24219   0.0402   0.1065       3465.18848        572.76575
    220       4516.64062   0.0404   0.1125       3520.61035        581.92651
    230       4487.81885   0.0405   0.1147       3498.10498        578.20660
    240       4551.33887   0.0404   0.1250       3496.87891        578.00391
    250       4446.86426   0.0411   0.1218       3633.35107        600.56158
    260       4485.95654   0.0407   0.1101       3584.90186        592.55334
    270       4565.41406   0.0406   0.1180       3526.53979        582.90662
    280       4468.62549   0.0408   0.1130       3584.18848        592.43542
    290       4482.45605   0.0406   0.1204       3557.79370        588.07263
    300       4493.82422   0.0403   0.1027       3531.89575        583.79193
# Molecular dynamics simulation at 300.00 K
#  Step   Current energy Av shift Mx shift   Kinetic energy    Kinetic temp.
      0       4493.82422   0.0000   0.0000       3024.95923        499.99966
     10       4294.56494   0.0390   0.1318       3301.73560        545.74841
     20       4247.18604   0.0388   0.1073       3260.22510        538.88708
     30       4396.99805   0.0383   0.1213       3159.00220        522.15582
     40       4316.06592   0.0387   0.1196       3257.03223        538.35931
     50       4273.61670   0.0391   0.1091       3258.05566        538.52850
     60       4315.97119   0.0386   0.1132       3203.79224        529.55920
     70       4321.89307   0.0390   0.1078       3243.30225        536.08990
     80       4270.44482   0.0390   0.1240       3309.99194        547.11310
     90       4310.90186   0.0385   0.1367       3202.46948        529.34058
    100       4327.95361   0.0387   0.1007       3220.95459        532.39600
    110       3591.74072   0.0347   0.1012       2585.89819        427.42667
    120       3564.97046   0.0343   0.1017       2532.64502        418.62439
    130       3627.14624   0.0346   0.0987       2585.65820        427.38699
    140       3591.84399   0.0344   0.1017       2550.13721        421.51569
    150       3622.11328   0.0349   0.0838       2605.41431        430.65253
    160       3562.97559   0.0348   0.0920       2588.08130        427.78751
    170       3596.46948   0.0346   0.0970       2557.75659        422.77512
    180       3547.13745   0.0348   0.1102       2625.30054        433.93954
    190       3648.21558   0.0340   0.0917       2493.81982        412.20691
    200       3574.37939   0.0344   0.0984       2585.21387        427.31357
    210       3247.52124   0.0316   0.0876       2163.07056        357.53690
    220       3212.91382   0.0319   0.0837       2181.80737        360.63394
    230       3215.77710   0.0316   0.0896       2156.88159        356.51392
    240       3256.56592   0.0318   0.1086       2184.45825        361.07211
    250       3225.52319   0.0317   0.1087       2180.24292        360.37534
    260       3205.46143   0.0317   0.0790       2174.76245        359.46948
    270       3227.07202   0.0319   0.0921       2189.10791        361.84067
    280       3231.40771   0.0320   0.0987       2197.06738        363.15628
    290       3210.35571   0.0319   0.0814       2179.30884        360.22095
    300       3211.66992   0.0317   0.0849       2171.64868        358.95480
# Conjugate gradients optimization
#  Step   Current energy Av shift Mx shift   Funcs         Gradient
      0       3211.66992   0.0000   0.0000       1      3.30931e+06
     10       1418.91418   0.0111   0.0420      22          54433.6
     20       1249.54736   0.0044   0.0182      43          10403.9
     30       1179.24341   0.0066   0.0314      63          11278.8
     40       1143.56226   0.0054   0.0277      83          5467.19
     50       1120.24817   0.0042   0.0238     103          3530.83
     60       1106.17114   0.0033   0.0200     123          2209.19
     70       1096.72473   0.0031   0.0226     143          1510.12
     72       1095.23047   0.0005   0.0053     148          1003.93
