# Conjugate gradients optimization
#  Step   Current energy Av shift Mx shift   Funcs         Gradient
      0      16504.60742   0.0000   0.0000       1           686592
     10       1128.35022   0.0711   2.4313      21          4077.67
     20        620.51556   0.0087   0.4177      42          428.066
     30        305.63120   0.0186   0.8126      62           1169.3
     40        254.10245   0.0119   0.4073      83          1046.68
     50        233.10243   0.0008   0.0273     107          2460.12
     60        173.41434   0.0208   0.6269     127          533.753
     70        116.01244   0.0163   0.4837     148          159.919
     80         82.88012   0.0100   0.3143     168           70.076
     90         69.37565   0.0090   0.3577     188          183.285
     97         61.90703   0.0050   0.1946     201          78.2616
# Conjugate gradients optimization
#  Step   Current energy Av shift Mx shift   Funcs         Gradient
      0        741.70154   0.0000   0.0000       1          2497.07
     10        667.98779   0.0361   0.7806      21          23608.8
     20        527.12799   0.0231   0.4711      41          4197.53
     30        371.43475   0.0085   0.1891      61          2004.31
     40        292.66782   0.0119   0.2506      81          1374.18
     50        238.74974   0.0043   0.0899     102          479.645
     60        191.30585   0.0114   0.2807     122           500.79
     70        165.67227   0.0094   0.2153     142          442.482
     80        150.43353   0.0060   0.1492     163          226.346
     90        140.45389   0.0058   0.1138     183          225.395
     99        130.48299   0.0085   0.2171     201          303.241
# Conjugate gradients optimization
#  Step   Current energy Av shift Mx shift   Funcs         Gradient
      0        855.77191   0.0000   0.0000       1          5338.06
     10        813.69873   0.0083   0.1715      21          8657.36
     20        751.73981   0.0071   0.1312      41          6013.56
     30        697.23920   0.0074   0.1606      61          5601.64
     40        657.66974   0.0011   0.0105      82           1765.5
     50        637.50433   0.0030   0.0523     102          2357.33
     60        611.07416   0.0035   0.0957     122          1944.34
     70        591.04144   0.0019   0.0424     142          1566.03
     80        572.91949   0.0044   0.1394     162          2633.73
     90        551.17853   0.0039   0.0776     182          1835.91
# Conjugate gradients optimization
#  Step   Current energy Av shift Mx shift   Funcs         Gradient
      0       1422.20667   0.0000   0.0000       1          16855.3
      2       1416.22546   0.0006   0.0086       5          3557.15
# Conjugate gradients optimization
#  Step   Current energy Av shift Mx shift   Funcs         Gradient
      0       2092.38501   0.0000   0.0000       1          14291.2
     10       1803.06042   0.0049   0.1004      21          40278.9
     20       1612.50427   0.0124   0.2926      42            33789
     30       1498.63062   0.0059   0.0970      62          22573.4
     40       1413.73730   0.0046   0.0757      82          14568.8
     50       1336.23291   0.0065   0.0830     102          14367.3
     60       1261.66602   0.0053   0.0625     122          12199.5
     70       1203.01099   0.0086   0.1286     142          11982.1
     80       1154.56824   0.0014   0.0150     163          4527.58
     88       1137.83435   0.0006   0.0075     180          1822.95
# Conjugate gradients optimization
#  Step   Current energy Av shift Mx shift   Funcs         Gradient
      0       2038.93311   0.0000   0.0000       1          20402.1
     10       1742.23108   0.0044   0.1312      21          28813.9
     20       1602.64600   0.0051   0.1200      41          25842.1
     30       1491.05627   0.0058   0.1200      62          15352.7
     40       1413.33337   0.0065   0.0999      82          19223.2
     50       1344.60925   0.0062   0.0961     102          11042.5
     60       1284.03479   0.0057   0.0831     122          11425.9
     70       1237.20544   0.0047   0.0671     142          8342.05
     80       1210.09131   0.0024   0.0341     162          5491.75
     89       1189.27844   0.0005   0.0080     181          1419.01
# Conjugate gradients optimization
#  Step   Current energy Av shift Mx shift   Funcs         Gradient
      0       2134.92700   0.0000   0.0000       1            20214
     10       1833.12219   0.0047   0.1307      21          37806.3
     20       1688.84485   0.0075   0.1467      42          30229.6
     30       1548.97620   0.0067   0.1331      62          21949.7
     40       1446.10718   0.0058   0.1049      82          16245.2
     50       1357.05554   0.0056   0.0810     102          12245.7
     60       1289.48242   0.0043   0.0672     122          8178.51
     70       1241.98999   0.0070   0.1264     143          19550.8
     80       1200.97021   0.0055   0.0933     163          8195.85
     90       1161.29956   0.0049   0.0793     183          8903.79
     99       1137.36865   0.0013   0.0177     201          2747.52
# Conjugate gradients optimization
#  Step   Current energy Av shift Mx shift   Funcs         Gradient
      0       1283.79480   0.0000   0.0000       1          5872.44
      1       1281.98193   0.0005   0.0084       3          4056.98
# Conjugate gradients optimization
#  Step   Current energy Av shift Mx shift   Funcs         Gradient
      0       2278.41699   0.0000   0.0000       1          25805.7
     10       1889.56665   0.0059   0.1760      21          43251.4
     20       1669.50232   0.0045   0.1176      41          21916.4
     30       1549.20654   0.0050   0.1019      61          17604.1
     40       1462.82080   0.0062   0.0952      81          18252.7
     50       1403.04028   0.0011   0.0123     102             5314
     60       1376.63062   0.0012   0.0167     122           4735.1
     62       1373.99805   0.0004   0.0061     126          1197.54
# Conjugate gradients optimization
#  Step   Current energy Av shift Mx shift   Funcs         Gradient
      0       1998.07251   0.0000   0.0000       1          9127.21
     10       1877.44385   0.0050   0.0996      21            23683
     20       1773.65564   0.0085   0.1382      41          17374.9
     30       1653.56458   0.0123   0.2351      61          25433.1
     40       1568.91943   0.0033   0.0510      82          14719.3
     50       1462.71326   0.0143   0.3140     102          25817.8
     60       1374.10999   0.0054   0.1030     122          13132.4
     70       1322.97375   0.0050   0.0796     142          10696.8
     78       1291.17590   0.0006   0.0072     158          2212.31
# Conjugate gradients optimization
#  Step   Current energy Av shift Mx shift   Funcs         Gradient
      0       1209.13379   0.0000   0.0000       1           3110.8
      1       1208.18042   0.0005   0.0083       3           3519.8
# Conjugate gradients optimization
#  Step   Current energy Av shift Mx shift   Funcs         Gradient
      0       4392.65820   0.0000   0.0000       1           106718
     10       3139.87378   0.0103   0.1903      21           133945
     20       2563.61987   0.0106   0.1636      41            79936
     30       2229.25146   0.0135   0.1707      61            71557
     40       1971.74915   0.0097   0.1245      81          36536.6
     50       1779.98767   0.0112   0.1370     101          37700.6
     60       1632.80505   0.0098   0.1233     121          23778.9
# Conjugate gradients optimization
#  Step   Current energy Av shift Mx shift   Funcs         Gradient
      0       1959.43335   0.0000   0.0000       1          12664.6
     10       1806.68518   0.0066   0.0963      21          29021.8
     20       1689.95776   0.0094   0.0764      41          19181.6
     30       1588.73157   0.0108   0.0883      61          17490.8
     40       1485.42041   0.0091   0.0751      81          12858.5
     50       1407.41760   0.0097   0.0777     101          12027.7
     60       1344.47046   0.0032   0.0205     122          8133.23
     70       1311.37683   0.0045   0.0312     142          7523.55
     80       1278.78052   0.0039   0.0271     162           6656.1
     86       1263.11487   0.0007   0.0090     175          2092.25
# Conjugate gradients optimization
#  Step   Current energy Av shift Mx shift   Funcs         Gradient
      0       1365.06873   0.0000   0.0000       1          4774.67
     10       1334.47534   0.0023   0.0289      21          6984.23
     15       1324.33667   0.0010   0.0093      31          3199.49
# Conjugate gradients optimization
#  Step   Current energy Av shift Mx shift   Funcs         Gradient
      0       1523.26855   0.0000   0.0000       1          9281.35
     10       1458.00842   0.0016   0.0345      21          10124.6
# Conjugate gradients optimization
#  Step   Current energy Av shift Mx shift   Funcs         Gradient
      0       1871.11670   0.0000   0.0000       1          18196.3
     10       1644.74707   0.0021   0.0268      22          18392.5
     20       1513.27087   0.0096   0.1616      42          21649.8
     30       1442.61633   0.0098   0.1239      63          40838.7
     40       1403.18970   0.0011   0.0131      83          7290.95
     50       1377.57495   0.0085   0.0839     103          22521.9
     59       1354.78674   0.0004   0.0066     121          2262.31
# Conjugate gradients optimization
#  Step   Current energy Av shift Mx shift   Funcs         Gradient
      0       2583.24341   0.0000   0.0000       1          56841.1
     10       1949.36597   0.0095   0.1089      21          83176.9
     20       1658.97021   0.0172   0.1685      42          61807.4
     30       1464.48975   0.0096   0.0724      62          24360.3
     40       1355.12842   0.0083   0.0571      82          13587.4
     49       1317.90381   0.0010   0.0090     102          3996.28
# Conjugate gradients optimization
#  Step   Current energy Av shift Mx shift   Funcs         Gradient
      0       1426.53369   0.0000   0.0000       1          7171.66
     10       1366.30957   0.0059   0.0675      21          15243.3
     20       1312.23840   0.0058   0.0580      41          10356.1
     30       1271.72607   0.0053   0.0503      61          6888.34
     40       1232.49524   0.0010   0.0120      82          3682.69
     50       1194.14355   0.0113   0.0779     102          6569.76
     55       1179.67749   0.0009   0.0075     113          3604.24
# Conjugate gradients optimization
#  Step   Current energy Av shift Mx shift   Funcs         Gradient
      0       1195.63171   0.0000   0.0000       1          3949.97
      1       1194.63794   0.0004   0.0063       3          2545.23
# Conjugate gradients optimization
#  Step   Current energy Av shift Mx shift   Funcs         Gradient
      0       1240.87500   0.0000   0.0000       1          4674.94
      4       1231.57129   0.0005   0.0090       9          2677.74
# Conjugate gradients optimization
#  Step   Current energy Av shift Mx shift   Funcs         Gradient
      0       1319.50854   0.0000   0.0000       1          5716.73
     10       1252.22778   0.0027   0.0308      21          8524.88
     20       1216.42627   0.0040   0.0266      41          5455.08
     30       1196.76501   0.0015   0.0114      61          2937.88
# Conjugate gradients optimization
#  Step   Current energy Av shift Mx shift   Funcs         Gradient
      0       1341.62183   0.0000   0.0000       1          9864.39
     10       1273.99951   0.0105   0.2042      21          44442.9
     20       1223.92627   0.0036   0.0386      41          5846.96
     30       1198.21094   0.0046   0.0340      61          5033.16
     40       1177.58655   0.0038   0.0288      81          3811.28
     46       1168.99426   0.0017   0.0091      93          2499.29
# Conjugate gradients optimization
#  Step   Current energy Av shift Mx shift   Funcs         Gradient
      0       1384.86145   0.0000   0.0000       1          7180.04
      5       1363.61304   0.0008   0.0088      11          6599.63
# Conjugate gradients optimization
#  Step   Current energy Av shift Mx shift   Funcs         Gradient
      0       2799.93994   0.0000   0.0000       1           190851
     10       1570.87146   0.0041   0.1114      21          80107.5
     20       1351.19543   0.0044   0.0911      41          27082.7
     30       1270.74792   0.0032   0.0719      61          12887.2
     40       1232.62927   0.0026   0.0392      81          5152.64
     45       1222.71545   0.0008   0.0083      91          3215.31
# Conjugate gradients optimization
#  Step   Current energy Av shift Mx shift   Funcs         Gradient
      0       1267.28162   0.0000   0.0000       1          22245.4
     10       1229.36292   0.0028   0.0460      21            11984
     13       1226.28076   0.0003   0.0094      27          1043.64
# Conjugate gradients optimization
#  Step   Current energy Av shift Mx shift   Funcs         Gradient
      0       1231.06995   0.0000   0.0000       1           3400.3
      3       1228.57251   0.0002   0.0028       7          779.629
# Molecular dynamics simulation at 150.00 K
#  Step   Current energy Av shift Mx shift   Kinetic energy    Kinetic temp.
      0       1228.57251   0.0000   0.0000        971.10632        148.92963
     10       1793.71289   0.0155   0.0593        566.27222         86.84395
     20       1918.57422   0.0188   0.0764        836.21747        128.24297
     30       2029.24182   0.0192   0.0880        866.33228        132.86140
     40       2054.16382   0.0202   0.0887        964.98096        147.99023
     50       2101.58691   0.0195   0.0852        908.26239        139.29184
# Molecular dynamics simulation at 400.00 K
#  Step   Current energy Av shift Mx shift   Kinetic energy    Kinetic temp.
      0       2101.58691   0.0000   0.0000        978.08600        150.00003
     10       2059.97998   0.0210   0.0735       1049.59204        160.96626
     20       2732.18848   0.0282   0.1086       1913.56213        293.46539
     30       3077.97729   0.0325   0.1231       2527.92383        387.68439
     40       3095.72363   0.0311   0.1056       2305.47925        353.57010
     50       3365.91772   0.0326   0.1188       2544.05566        390.15839
# Molecular dynamics simulation at 1000.00 K
#  Step   Current energy Av shift Mx shift   Kinetic energy    Kinetic temp.
      0       3365.91772   0.0000   0.0000       2608.22778        399.99985
     10       3255.37524   0.0326   0.1213       2514.55615        385.63431
     20       4938.77051   0.0464   0.1882       5233.21387        802.56976
     30       5472.53857   0.0491   0.1894       5885.49854        902.60468
     40       6119.12305   0.0488   0.2184       5872.05176        900.54248
     50       6308.55469   0.0506   0.2324       6277.49609        962.72174
# Molecular dynamics simulation at 1000.00 K
#  Step   Current energy Av shift Mx shift   Kinetic energy    Kinetic temp.
      0       6308.55469   0.0000   0.0000       6520.57227       1000.00006
     10       6450.45605   0.0505   0.2638       6245.60889        957.83148
     20       6487.52344   0.0517   0.2382       6505.84473        997.74146
     30       6454.76758   0.0509   0.2289       6283.72021        963.67627
     40       6698.02783   0.0503   0.2111       6195.18115        950.09784
     50       6416.58838   0.0508   0.2118       6245.55615        957.82343
     60       6602.55176   0.0501   0.2244       6117.02881        938.11237
     70       6519.63379   0.0504   0.2283       6155.45557        944.00549
     80       6532.56250   0.0502   0.2374       6142.91260        942.08191
     90       6501.43115   0.0508   0.2368       6205.12012        951.62207
    100       6350.05762   0.0510   0.1864       6263.52441        960.57904
    110       6569.92920   0.0523   0.1825       6509.72314        998.33624
    120       6697.04590   0.0513   0.1797       6339.15527        972.17786
    130       6746.09473   0.0510   0.1919       6244.24219        957.62189
    140       6658.60791   0.0515   0.1916       6377.23828        978.01825
    150       6787.10059   0.0512   0.1786       6273.69434        962.13867
    160       6843.51221   0.0511   0.1919       6259.70996        959.99402
    170       6715.10889   0.0513   0.1688       6303.49658        966.70917
    180       6789.41992   0.0512   0.1793       6219.97168        953.89972
    190       6766.23828   0.0511   0.1947       6229.18018        955.31195
    200       6862.70752   0.0507   0.1842       6156.10693        944.10541
    210       7178.89990   0.0516   0.1995       6316.93555        968.77020
    220       7122.76074   0.0516   0.2073       6343.88037        972.90247
    230       7138.21484   0.0511   0.2130       6211.60498        952.61664
    240       7014.30469   0.0519   0.1720       6361.69971        975.63525
    250       7096.64355   0.0516   0.1747       6267.71973        961.22241
    260       7150.90430   0.0514   0.1838       6258.63916        959.82983
    270       7093.47803   0.0514   0.1937       6305.14404        966.96185
    280       7006.42090   0.0519   0.1657       6415.46338        983.88049
    290       7060.95801   0.0517   0.1813       6333.81885        971.35944
    300       6940.67480   0.0520   0.1841       6406.97363        982.57849
# Molecular dynamics simulation at 800.00 K
#  Step   Current energy Av shift Mx shift   Kinetic energy    Kinetic temp.
      0       6940.67480   0.0000   0.0000       6520.57324       1000.00024
     10       7144.32227   0.0516   0.1824       6277.56641        962.73254
     20       7107.90625   0.0521   0.1707       6467.66357        991.88599
     30       6947.36621   0.0526   0.1995       6511.44141        998.59979
     40       7088.72168   0.0522   0.2457       6434.38281        986.78198
     50       6988.59521   0.0531   0.1666       6577.76807       1008.77167
     60       7010.46973   0.0524   0.1999       6521.39062       1000.12561
     70       7208.98193   0.0515   0.2349       6308.43213        967.46613
     80       7086.45068   0.0527   0.1623       6537.28516       1002.56317
     90       7049.43457   0.0522   0.1615       6448.03418        988.87561
    100       7153.11865   0.0518   0.1720       6337.83936        971.97601
    110       6569.47119   0.0501   0.1580       5916.48828        907.35730
    120       6540.92871   0.0499   0.1430       5849.66406        897.10907
    130       6541.24463   0.0499   0.1597       5876.24316        901.18524
    140       6564.90479   0.0496   0.1664       5818.77539        892.37195
    150       6680.05811   0.0493   0.1731       5733.66992        879.32013
    160       6534.79688   0.0501   0.1572       5867.88330        899.90320
    170       6535.84033   0.0497   0.1443       5778.08691        886.13196
    180       6543.49121   0.0501   0.2059       5895.91162        904.20166
    190       6578.56348   0.0499   0.1518       5853.57764        897.70929
    200       6619.90625   0.0496   0.1673       5728.53809        878.53308
    210       6304.83252   0.0490   0.1788       5622.33398        862.24554
    220       6430.25195   0.0484   0.1555       5493.53760        842.49323
    230       6441.64355   0.0487   0.1605       5526.15918        847.49609
    240       6372.53320   0.0487   0.1381       5549.80078        851.12183
    250       6430.10205   0.0484   0.1339       5563.61475        853.24036
    260       6275.79883   0.0491   0.1817       5676.74414        870.58997
    270       6410.54932   0.0487   0.2517       5568.17529        853.93976
    280       6485.76270   0.0480   0.1712       5463.63330        837.90710
    290       6373.49219   0.0489   0.1638       5635.97559        864.33765
    300       6265.78809   0.0492   0.2260       5698.79541        873.97174
# Molecular dynamics simulation at 500.00 K
#  Step   Current energy Av shift Mx shift   Kinetic energy    Kinetic temp.
      0       6265.78809   0.0000   0.0000       5216.45850        800.00018
     10       6125.97510   0.0476   0.1585       5335.04590        818.18683
     20       6139.23096   0.0480   0.1708       5420.50293        831.29260
     30       6061.90527   0.0482   0.1746       5446.00879        835.20416
     40       6197.81689   0.0475   0.1974       5334.96191        818.17395
     50       6171.95996   0.0478   0.1528       5390.23584        826.65082
     60       6182.54053   0.0480   0.1468       5391.32910        826.81848
     70       6182.80371   0.0476   0.1596       5348.62402        820.26917
     80       6137.94922   0.0475   0.1553       5290.23584        811.31470
     90       6126.54834   0.0484   0.1857       5510.08740        845.03131
    100       6310.93164   0.0475   0.1731       5322.61133        816.27985
    110       5263.99951   0.0427   0.1760       4301.48242        659.67871
    120       5347.77393   0.0421   0.1503       4192.98291        643.03912
    130       5108.20752   0.0434   0.1710       4419.97949        677.85150
    140       5206.36670   0.0428   0.1803       4326.11963        663.45709
    150       5259.38086   0.0430   0.1692       4341.70654        665.84753
    160       5161.40527   0.0428   0.2060       4377.34521        671.31311
    170       5192.87939   0.0428   0.1282       4292.63818        658.32239
    180       5216.58008   0.0429   0.1460       4352.75342        667.54169
    190       5300.18115   0.0423   0.1314       4198.74561        643.92291
    200       5192.16650   0.0430   0.1461       4373.61914        670.74164
    210       4692.15283   0.0403   0.1394       3798.84448        582.59375
    220       4740.67236   0.0403   0.1354       3796.09229        582.17169
    230       4618.42188   0.0402   0.1511       3805.92236        583.67926
    240       4697.37451   0.0401   0.1280       3794.56006        581.93671
    250       4622.73145   0.0408   0.1488       3876.05103        594.43420
    260       4677.00586   0.0400   0.1544       3759.90967        576.62268
    270       4652.68311   0.0402   0.1485       3790.84766        581.36737
    280       4672.27930   0.0404   0.1479       3826.03198        586.76324
    290       4701.66602   0.0402   0.1430       3800.74341        582.88501
    300       4492.50391   0.0410   0.1661       3963.07861        607.78082
# Molecular dynamics simulation at 300.00 K
#  Step   Current energy Av shift Mx shift   Kinetic energy    Kinetic temp.
      0       4492.50391   0.0000   0.0000       3260.28442        499.99979
     10       4346.50830   0.0388   0.1693       3528.85669        541.18823
     20       4366.49268   0.0383   0.1151       3416.81201        524.00500
     30       4295.36572   0.0388   0.1447       3512.60132        538.69531
     40       4316.67920   0.0386   0.1341       3483.64844        534.25507
     50       4295.28271   0.0385   0.1250       3479.81323        533.66687
     60       4345.67285   0.0381   0.1427       3402.20923        521.76550
     70       4320.52588   0.0385   0.1433       3487.19580        534.79907
     80       4322.95361   0.0386   0.1464       3498.55884        536.54175
     90       4389.51758   0.0382   0.1630       3438.57202        527.34210
    100       4341.40967   0.0384   0.1269       3461.55762        530.86719
    110       3578.25464   0.0343   0.1643       2773.97876        425.41956
    120       3629.35132   0.0334   0.0965       2618.60474        401.59128
    130       3654.28320   0.0338   0.1337       2712.24658        415.95227
    140       3555.32910   0.0340   0.1436       2723.39136        417.66144
    150       3632.49805   0.0344   0.1499       2793.10132        428.35220
    160       3541.22119   0.0341   0.1179       2727.55176        418.29947
    170       3691.66724   0.0337   0.1329       2649.09277        406.26694
    180       3573.41748   0.0341   0.1091       2737.15723        419.77258
    190       3617.40015   0.0341   0.1605       2734.58008        419.37735
    200       3545.10132   0.0343   0.1315       2804.75000        430.13867
    210       3224.91064   0.0312   0.1101       2270.63550        348.22644
    220       3206.04468   0.0312   0.1544       2282.32007        350.01840
    230       3230.55566   0.0311   0.0972       2271.99561        348.43503
    240       3219.50098   0.0313   0.1201       2306.94824        353.79538
    250       3191.50879   0.0316   0.1322       2368.02246        363.16177
    260       3178.28784   0.0312   0.1266       2297.55591        352.35498
    270       3246.92188   0.0308   0.1105       2248.42529        344.82028
    280       3229.17676   0.0310   0.1248       2286.31348        350.63083
    290       3217.31494   0.0313   0.1196       2290.38330        351.25497
    300       3185.00952   0.0312   0.1510       2313.51367        354.80228
# Conjugate gradients optimization
#  Step   Current energy Av shift Mx shift   Funcs         Gradient
      0       3185.00952   0.0000   0.0000       1      3.44608e+06
     10       1348.82910   0.0121   0.0527      21          54010.6
     20       1180.39587   0.0085   0.0417      41          19125.3
     24       1152.06812   0.0016   0.0080      50          6373.55
