# Conjugate gradients optimization
#  Step   Current energy Av shift Mx shift   Funcs         Gradient
      0      25887.40234   0.0000   0.0000       1           825072
     10       1475.83899   0.0405   1.3535      21          5059.07
     20        732.68500   0.0173   0.7590      42          804.249
     30        575.61359   0.0143   0.4547      62          1063.24
     40        439.45746   0.0188   0.9400      82          1192.74
     50        252.76608   0.0252   0.8995     102          773.949
     60        190.30960   0.0037   0.2640     122          170.996
     70        172.30231   0.0009   0.0993     143          38.1906
     80        120.20777   0.0075   0.1768     163          116.509
     90         99.83386   0.0035   0.2306     183          32.4385
     99         83.52108   0.0032   0.1681     201          16.8512
# Conjugate gradients optimization
#  Step   Current energy Av shift Mx shift   Funcs         Gradient
      0        896.40509   0.0000   0.0000       1          2003.83
     10        609.51038   0.0447   0.7930      21          11926.3
     20        361.19553   0.0166   0.2859      41          2783.49
     30        266.96667   0.0055   0.0964      62          1033.34
     40        220.89323   0.0099   0.2257      83          535.195
     50        189.78825   0.0044   0.0941     103          435.809
     60        168.85295   0.0062   0.0985     123          476.856
     70        143.69698   0.0104   0.1591     143          492.385
     80        127.70607   0.0074   0.1069     163          271.838
     90        117.17490   0.0084   0.1379     183           245.94
     99        109.76067   0.0055   0.0911     201          136.471
# Conjugate gradients optimization
#  Step   Current energy Av shift Mx shift   Funcs         Gradient
      0        718.48926   0.0000   0.0000       1          4077.71
     10        683.52026   0.0041   0.0905      21          3959.36
     20        650.20642   0.0046   0.0528      41          3946.06
     30        609.01807   0.0102   0.1281      61          4191.57
     40        567.64355   0.0018   0.0191      82          1985.97
     43        563.74615   0.0005   0.0090      88          542.404
# Conjugate gradients optimization
#  Step   Current energy Av shift Mx shift   Funcs         Gradient
      0       1247.17798   0.0000   0.0000       1           3063.7
     10       1201.77368   0.0039   0.0561      21          8714.54
     18       1181.41980   0.0003   0.0058      38           1362.8
# Conjugate gradients optimization
#  Step   Current energy Av shift Mx shift   Funcs         Gradient
      0       1236.07043   0.0000   0.0000       1          1896.16
      1       1235.16443   0.0005   0.0066       3          4726.58
# Conjugate gradients optimization
#  Step   Current energy Av shift Mx shift   Funcs         Gradient
      0       1454.87317   0.0000   0.0000       1          7861.74
     10       1335.58618   0.0072   0.1601      21          18867.6
     20       1260.49048   0.0051   0.0518      41          10579.2
     30       1217.29382   0.0050   0.0398      61          10781.6
     40       1170.99219   0.0080   0.0758      81          11818.5
     50       1130.88867   0.0026   0.0200     101          7336.45
     60       1096.78137   0.0043   0.0379     121          6944.67
     70       1065.70569   0.0041   0.0419     141          6506.31
     77       1051.40601   0.0011   0.0085     155          2487.84
# Conjugate gradients optimization
#  Step   Current energy Av shift Mx shift   Funcs         Gradient
      0       1356.18762   0.0000   0.0000       1          5706.69
     10       1302.27124   0.0063   0.1649      21          17828.2
     20       1255.07910   0.0035   0.0541      41          5731.26
     30       1218.70203   0.0044   0.0382      61          5716.55
     40       1196.18628   0.0006   0.0130      82          2059.02
     41       1195.65393   0.0006   0.0071      84          3229.19
# Conjugate gradients optimization
#  Step   Current energy Av shift Mx shift   Funcs         Gradient
      0       1349.89905   0.0000   0.0000       1          4638.78
      7       1337.04431   0.0003   0.0072      15          1249.27
# Conjugate gradients optimization
#  Step   Current energy Av shift Mx shift   Funcs         Gradient
      0       2252.10889   0.0000   0.0000       1          20387.5
     10       1875.09607   0.0049   0.1584      21          43819.1
     20       1688.15002   0.0104   0.2811      41          37979.4
     30       1556.00476   0.0073   0.1265      61          26366.5
     40       1481.50159   0.0042   0.0494      81          9432.69
     50       1455.28357   0.0013   0.0189     103          4875.22
     57       1436.65759   0.0006   0.0098     117          2265.42
# Conjugate gradients optimization
#  Step   Current energy Av shift Mx shift   Funcs         Gradient
      0       1973.63770   0.0000   0.0000       1          10491.1
     10       1877.62964   0.0016   0.0216      22          15398.7
     13       1870.10803   0.0003   0.0042      28          2604.25
# Conjugate gradients optimization
#  Step   Current energy Av shift Mx shift   Funcs         Gradient
      0       1503.99731   0.0000   0.0000       1          7035.82
     10       1467.19897   0.0023   0.0290      21          6205.89
     20       1435.14832   0.0057   0.0473      41          11046.3
     30       1383.65771   0.0013   0.0146      61          4579.87
     40       1354.33093   0.0015   0.0124      81          4089.02
     50       1332.82800   0.0068   0.0559     101          11078.4
     60       1260.59668   0.0194   0.1550     121          16704.6
     70       1210.49524   0.0050   0.0462     142          6289.09
     80       1188.87024   0.0090   0.0801     162          6904.45
     87       1178.62122   0.0006   0.0085     177          2060.63
# Conjugate gradients optimization
#  Step   Current energy Av shift Mx shift   Funcs         Gradient
      0      10271.41113   0.0000   0.0000       1           311631
     10       5772.80811   0.0156   0.4269      21           550046
     20       4084.04346   0.0207   0.3851      42           489021
     30       3544.83838   0.0114   0.2419      62           110624
     40       3021.53711   0.0145   0.2049      82           108902
     50       2561.51587   0.0165   0.2285     102          62053.6
     60       2293.13452   0.0132   0.1623     122          41975.7
     70       2093.49854   0.0105   0.1451     142          36734.6
     80       1944.56396   0.0118   0.1412     163          50382.8
     90       1746.97021   0.0132   0.1622     183          35832.5
     99       1638.55493   0.0024   0.0462     201            14160
# Conjugate gradients optimization
#  Step   Current energy Av shift Mx shift   Funcs         Gradient
      0       2253.83545   0.0000   0.0000       1          32064.6
     10       2102.49487   0.0017   0.0360      21            18310
     20       1972.70984   0.0029   0.0450      41          20201.2
     30       1748.28088   0.0049   0.0834      61          17733.7
     40       1661.60120   0.0099   0.1116      81          25626.6
     50       1540.33240   0.0091   0.1116     101          21717.5
     60       1453.46448   0.0056   0.0485     122          42998.5
     70       1398.59302   0.0064   0.0701     142          9205.48
     80       1348.44653   0.0069   0.0806     162          12176.2
     90       1302.75696   0.0062   0.0822     182          7751.04
     96       1279.36865   0.0010   0.0086     195          3144.38
# Conjugate gradients optimization
#  Step   Current energy Av shift Mx shift   Funcs         Gradient
      0       1447.35229   0.0000   0.0000       1          8638.41
     10       1359.21252   0.0040   0.0536      21          11816.1
     20       1319.27222   0.0042   0.0457      41          6210.33
     30       1291.52380   0.0028   0.0290      61          4583.02
     40       1271.59583   0.0028   0.0245      81          4486.09
     45       1264.04700   0.0005   0.0085      91          1634.57
# Conjugate gradients optimization
#  Step   Current energy Av shift Mx shift   Funcs         Gradient
      0       1357.83325   0.0000   0.0000       1          3674.42
# Conjugate gradients optimization
#  Step   Current energy Av shift Mx shift   Funcs         Gradient
      0       1657.17371   0.0000   0.0000       1          11605.9
     10       1484.69043   0.0095   0.1038      21          52860.7
     20       1400.16016   0.0071   0.0645      41          14489.6
     30       1352.21362   0.0081   0.0643      61            11190
     36       1334.16187   0.0005   0.0070      73          1944.28
# Conjugate gradients optimization
#  Step   Current energy Av shift Mx shift   Funcs         Gradient
      0       1800.80530   0.0000   0.0000       1          12724.3
     10       1649.90015   0.0064   0.0598      21          26975.6
     20       1572.29272   0.0005   0.0107      42          3368.01
     25       1555.99011   0.0007   0.0080      52          3381.16
# Conjugate gradients optimization
#  Step   Current energy Av shift Mx shift   Funcs         Gradient
      0       1700.96997   0.0000   0.0000       1          5242.77
# Conjugate gradients optimization
#  Step   Current energy Av shift Mx shift   Funcs         Gradient
      0       1715.20825   0.0000   0.0000       1          4963.34
      1       1713.42615   0.0007   0.0097       3          6676.96
# Conjugate gradients optimization
#  Step   Current energy Av shift Mx shift   Funcs         Gradient
      0       1789.31226   0.0000   0.0000       1          8661.79
      1       1787.16382   0.0005   0.0074       3          6088.83
# Conjugate gradients optimization
#  Step   Current energy Av shift Mx shift   Funcs         Gradient
      0       2313.36621   0.0000   0.0000       1          25150.9
     10       1974.62280   0.0058   0.1241      21          28522.9
     20       1781.92615   0.0104   0.1234      41          30575.4
     30       1664.09656   0.0095   0.1247      61          17874.7
     40       1570.60583   0.0097   0.1271      81          13594.8
     50       1506.72498   0.0093   0.1196     101          11949.8
     60       1445.47070   0.0090   0.1081     121          10453.1
     70       1396.62793   0.0080   0.0834     141          9899.13
     80       1358.66675   0.0062   0.0627     161          5243.58
# Conjugate gradients optimization
#  Step   Current energy Av shift Mx shift   Funcs         Gradient
      0       1460.58716   0.0000   0.0000       1          6114.53
     10       1403.56921   0.0040   0.0609      21          10819.8
     20       1372.78613   0.0047   0.0390      41          6309.82
     29       1352.95129   0.0007   0.0081      59          2451.51
# Conjugate gradients optimization
#  Step   Current energy Av shift Mx shift   Funcs         Gradient
      0       1535.33618   0.0000   0.0000       1          5043.41
      1       1533.17603   0.0007   0.0097       3          7146.57
# Conjugate gradients optimization
#  Step   Current energy Av shift Mx shift   Funcs         Gradient
      0       2958.83911   0.0000   0.0000       1           197637
     10       1818.19067   0.0081   0.3077      21          93446.8
     20       1520.03735   0.0065   0.1907      42          51976.6
     30       1438.71680   0.0043   0.0776      62          10446.8
     40       1402.08716   0.0028   0.0383      82          6547.04
     50       1377.11841   0.0036   0.0482     102          5525.84
     55       1366.86279   0.0006   0.0074     113          1881.95
# Conjugate gradients optimization
#  Step   Current energy Av shift Mx shift   Funcs         Gradient
      0       1420.45361   0.0000   0.0000       1          23590.6
# Conjugate gradients optimization
#  Step   Current energy Av shift Mx shift   Funcs         Gradient
      0       1388.29382   0.0000   0.0000       1          5032.52
      3       1384.24475   0.0002   0.0059       7          1176.02
# Molecular dynamics simulation at 150.00 K
#  Step   Current energy Av shift Mx shift   Kinetic energy    Kinetic temp.
      0       1384.24475   0.0000   0.0000       1007.09326        156.52223
     10       1958.02039   0.0160   0.0470        599.04883         93.10405
     20       2075.10669   0.0188   0.0595        821.73700        127.71420
     30       2165.34131   0.0193   0.0728        867.64227        134.84879
     40       2162.16235   0.0203   0.0638        963.28931        149.71423
     50       2239.19214   0.0197   0.0617        904.33368        140.55136
# Molecular dynamics simulation at 400.00 K
#  Step   Current energy Av shift Mx shift   Kinetic energy    Kinetic temp.
      0       2239.19214   0.0000   0.0000        965.12823        150.00005
     10       2186.60327   0.0211   0.0671       1037.13770        161.19174
     20       2837.03394   0.0284   0.0963       1899.50220        295.22025
     30       3110.46631   0.0324   0.1108       2487.82886        386.65787
     40       3120.85083   0.0314   0.1200       2349.66040        365.18375
     50       3246.75806   0.0335   0.1134       2639.28247        410.19678
# Molecular dynamics simulation at 1000.00 K
#  Step   Current energy Av shift Mx shift   Kinetic energy    Kinetic temp.
      0       3246.75806   0.0000   0.0000       2573.67285        399.99973
     10       3204.47803   0.0322   0.1107       2426.13574        377.06955
     20       4694.81934   0.0472   0.1821       5308.54053        825.05231
     30       5088.09180   0.0497   0.1753       5972.19287        928.19702
     40       5589.26807   0.0493   0.1816       5916.01855        919.46643
     50       5596.28223   0.0512   0.1945       6354.20654        987.56952
# Molecular dynamics simulation at 1000.00 K
#  Step   Current energy Av shift Mx shift   Kinetic energy    Kinetic temp.
      0       5596.28223   0.0000   0.0000       6434.18750       1000.00018
     10       5826.87549   0.0503   0.1939       6132.89648        953.17358
     20       5918.42236   0.0510   0.1954       6298.90234        978.97418
     30       5867.59863   0.0499   0.2051       6022.31689        935.98730
     40       6124.57520   0.0498   0.1895       5974.04736        928.48529
     50       5931.31055   0.0501   0.1969       6023.82910        936.22235
     60       6031.74658   0.0498   0.1801       5974.01025        928.47949
     70       6006.91748   0.0499   0.2265       5992.78223        931.39703
     80       6237.36279   0.0486   0.1926       5706.63428        886.92401
     90       6146.50586   0.0492   0.1803       5847.07080        908.75061
    100       6168.69238   0.0488   0.1854       5739.55078        892.03986
    110       6487.93555   0.0507   0.2191       6216.74951        966.20599
    120       6264.86084   0.0515   0.2040       6376.92236        991.10004
    130       6379.24951   0.0509   0.1976       6265.23535        973.74164
    140       6190.90234   0.0517   0.2242       6404.20752        995.34070
    150       6241.16797   0.0519   0.1820       6475.28955       1006.38824
    160       6340.70459   0.0512   0.1961       6290.32666        977.64136
    170       6427.55518   0.0508   0.2113       6203.02148        964.07239
    180       6416.97461   0.0511   0.1910       6263.32275        973.44440
    190       6418.00977   0.0512   0.1581       6219.95850        966.70471
    200       6409.92090   0.0510   0.1995       6223.25635        967.21729
    210       6574.76172   0.0515   0.1946       6335.06787        984.59503
    220       6492.76465   0.0518   0.1974       6426.30322        998.77478
    230       6559.82178   0.0514   0.1858       6318.36523        981.99908
    240       6565.71094   0.0514   0.2013       6276.94531        975.56158
    250       6553.72607   0.0515   0.2244       6283.24316        976.54041
    260       6608.90039   0.0515   0.2030       6295.72363        978.48016
    270       6621.65527   0.0514   0.2001       6279.63770        975.98004
    280       6629.32959   0.0518   0.1892       6340.17676        985.38904
    290       6680.28369   0.0517   0.1759       6285.10596        976.82996
    300       6702.31006   0.0512   0.2075       6211.04346        965.31915
# Molecular dynamics simulation at 800.00 K
#  Step   Current energy Av shift Mx shift   Kinetic energy    Kinetic temp.
      0       6702.31006   0.0000   0.0000       6434.18555        999.99988
     10       6845.63818   0.0515   0.1877       6265.20508        973.73694
     20       6775.26611   0.0521   0.1789       6426.51904        998.80835
     30       6849.01270   0.0517   0.1946       6320.76074        982.37140
     40       6862.24951   0.0519   0.1834       6354.15430        987.56140
     50       6887.44482   0.0519   0.1866       6336.86719        984.87463
     60       6932.56445   0.0514   0.2345       6213.01172        965.62506
     70       6964.43213   0.0516   0.1848       6225.78906        967.61090
     80       6758.85156   0.0519   0.1853       6337.68799        985.00220
     90       6810.69531   0.0521   0.1715       6341.71582        985.62823
    100       6902.96484   0.0514   0.1790       6159.66846        957.33447
    110       6434.05176   0.0495   0.1819       5735.45361        891.40308
    120       6379.98096   0.0493   0.1769       5719.70557        888.95551
    130       6462.32227   0.0492   0.1748       5669.24756        881.11334
    140       6315.52295   0.0499   0.2021       5840.65820        907.75397
    150       6320.70410   0.0499   0.1900       5794.07471        900.51398
    160       6374.12207   0.0496   0.1868       5788.50586        899.64844
    170       6405.73926   0.0494   0.1756       5750.75098        893.78058
    180       6347.70654   0.0500   0.1702       5847.62891        908.83734
    190       6481.77539   0.0496   0.1477       5725.57129        889.86719
    200       6332.43066   0.0496   0.1934       5818.13379        904.25323
    210       6006.68848   0.0482   0.1669       5453.46533        847.57654
    220       5938.04541   0.0485   0.1393       5497.66748        854.44641
    230       6050.75342   0.0485   0.1530       5455.94238        847.96149
    240       6065.29053   0.0482   0.1455       5421.02930        842.53534
    250       6037.05811   0.0484   0.1599       5487.12842        852.80841
    260       5978.46387   0.0483   0.2030       5451.07324        847.20471
    270       6144.47559   0.0483   0.1538       5416.26758        841.79523
    280       6055.22705   0.0482   0.1539       5450.02051        847.04114
    290       6105.94629   0.0478   0.1536       5336.67920        829.42566
    300       6233.84912   0.0478   0.1484       5286.58545        821.64008
# Molecular dynamics simulation at 500.00 K
#  Step   Current energy Av shift Mx shift   Kinetic energy    Kinetic temp.
      0       6233.84912   0.0000   0.0000       5147.34863        799.99994
     10       6114.80225   0.0474   0.1869       5203.74561        808.76514
     20       6166.76367   0.0472   0.2085       5185.91260        805.99353
     30       5973.71143   0.0480   0.1636       5363.62744        833.61395
     40       6023.98047   0.0479   0.1647       5297.21143        823.29156
     50       5930.43506   0.0479   0.1681       5334.71191        829.11987
     60       6146.52197   0.0475   0.1598       5276.03369        820.00012
     70       5832.69775   0.0485   0.1561       5453.41992        847.56946
     80       6062.78564   0.0478   0.1417       5313.76367        825.86414
     90       6048.40918   0.0473   0.1459       5213.10986        810.22052
    100       6151.07617   0.0471   0.1521       5171.68408        803.78210
    110       5187.67090   0.0425   0.1298       4209.10986        654.17902
    120       5191.64307   0.0426   0.1455       4193.16895        651.70148
    130       5196.49365   0.0429   0.1293       4250.45654        660.60510
    140       5258.01660   0.0424   0.1152       4140.35059        643.49249
    150       5217.75391   0.0430   0.1311       4251.32715        660.74042
    160       5118.34180   0.0432   0.1457       4328.80322        672.78174
    170       5142.91162   0.0431   0.1477       4312.13574        670.19128
    180       5080.33105   0.0435   0.1348       4368.64893        678.97455
    190       5157.41162   0.0428   0.1461       4243.52832        659.52832
    200       5120.11719   0.0430   0.1377       4305.15869        669.10693
    210       4677.90479   0.0398   0.1366       3662.65381        569.24896
    220       4535.26074   0.0405   0.1438       3813.90796        592.75684
    230       4641.18750   0.0400   0.1260       3683.70410        572.52057
    240       4592.85938   0.0402   0.1198       3748.41675        582.57819
    250       4664.75146   0.0400   0.1271       3721.35669        578.37256
    260       4545.95264   0.0406   0.1189       3802.09375        590.92065
    270       4546.38525   0.0406   0.1346       3821.01538        593.86145
    280       4594.33594   0.0403   0.1302       3757.35693        583.96765
    290       4582.77832   0.0402   0.1168       3763.14087        584.86664
    300       4505.48828   0.0409   0.1398       3854.08789        599.00159
# Molecular dynamics simulation at 300.00 K
#  Step   Current energy Av shift Mx shift   Kinetic energy    Kinetic temp.
      0       4505.48828   0.0000   0.0000       3217.09619        500.00046
     10       4277.95166   0.0386   0.1237       3454.62329        536.91687
     20       4258.50879   0.0386   0.1351       3449.42725        536.10931
     30       4169.72217   0.0393   0.1317       3607.66846        560.70312
     40       4261.03857   0.0384   0.1339       3419.37915        531.43921
     50       4288.16992   0.0389   0.1183       3510.76831        545.64294
     60       4273.14111   0.0385   0.1120       3429.61572        533.03021
     70       4259.15771   0.0383   0.1368       3414.90991        530.74463
     80       4233.57422   0.0389   0.1293       3509.91724        545.51062
     90       4317.30371   0.0383   0.1279       3428.54956        532.86450
    100       4269.14160   0.0387   0.1192       3462.03564        538.06891
    110       3557.80981   0.0341   0.1018       2690.88135        418.21625
    120       3604.02124   0.0333   0.1075       2567.45312        399.03305
    130       3581.09204   0.0340   0.1350       2673.20996        415.46976
    140       3532.26416   0.0340   0.1047       2680.11572        416.54306
    150       3548.66187   0.0341   0.1087       2715.80957        422.09061
    160       3552.58569   0.0337   0.1133       2639.99146        410.30695
    170       3569.79053   0.0340   0.1013       2671.16040        415.15121
    180       3481.70459   0.0341   0.1198       2708.61963        420.97314
    190       3543.53711   0.0341   0.1073       2679.13428        416.39053
    200       3579.84253   0.0339   0.1031       2651.36011        412.07388
    210       3203.45801   0.0314   0.0952       2291.58545        356.15778
    220       3156.20532   0.0317   0.1205       2331.86108        362.41739
    230       3178.85767   0.0315   0.0916       2302.47632        357.85043
    240       3199.75659   0.0317   0.1033       2323.36572        361.09705
    250       3174.16675   0.0319   0.1026       2340.30933        363.73041
    260       3159.06836   0.0318   0.1024       2331.70874        362.39371
    270       3193.05933   0.0319   0.1004       2348.10889        364.94263
    280       3211.80225   0.0317   0.0877       2300.67871        357.57104
    290       3247.09863   0.0312   0.1183       2265.64429        352.12598
    300       3155.14648   0.0318   0.1019       2345.75879        364.57736
# Conjugate gradients optimization
#  Step   Current energy Av shift Mx shift   Funcs         Gradient
      0       3155.14648   0.0000   0.0000       1      3.21399e+06
     10       1367.59265   0.0120   0.0428      21          53925.7
     20       1187.95129   0.0096   0.0421      41          19526.8
     30       1110.08032   0.0058   0.0235      61          12014.6
     37       1086.89539   0.0016   0.0085      76          4180.93
