# Conjugate gradients optimization
#  Step   Current energy Av shift Mx shift   Funcs         Gradient
      0      24110.72852   0.0000   0.0000       1           797255
     10       1048.86389   0.0939   3.3754      21          3305.73
     20        376.74228   0.0191   0.8161      41          3009.87
     30        300.18134   0.0034   0.1929      62          80.3954
     40        180.19986   0.0235   0.7980      83          813.017
     50        147.04527   0.0115   0.3173     104           292.97
     60        110.14053   0.0348   1.4473     126          180.345
     70         65.68394   0.0365   1.0597     146          143.899
     80         44.51901   0.0070   0.1745     166          19.7922
     90         38.16063   0.0012   0.0949     187          4.70338
     97         35.68870   0.0043   0.1326     201          8.31461
# Conjugate gradients optimization
#  Step   Current energy Av shift Mx shift   Funcs         Gradient
      0        424.19846   0.0000   0.0000       1          585.167
     10        379.61511   0.0035   0.0654      21          522.778
     20        286.08160   0.0247   0.4991      41          2785.27
     30        220.24059   0.0063   0.1186      61          456.408
     40        190.23439   0.0022   0.0424      82          395.964
     43        187.68530   0.0006   0.0092      88          72.2267
# Conjugate gradients optimization
#  Step   Current energy Av shift Mx shift   Funcs         Gradient
      0       1051.58777   0.0000   0.0000       1          2216.94
     10        987.25903   0.0056   0.1010      21          7674.88
     20        891.64929   0.0044   0.0878      41          8064.77
     30        788.34863   0.0029   0.0416      62          5267.84
     40        714.84949   0.0025   0.0541      83          4783.25
     50        684.52344   0.0038   0.0708     104          1911.86
     60        664.75787   0.0022   0.0309     124          1655.44
     70        649.40790   0.0035   0.0474     144          1863.36
     80        627.32324   0.0070   0.1003     165          2770.29
     90        607.80902   0.0046   0.0660     186          2620.31
     98        591.08264   0.0056   0.0757     201          1879.47
# Conjugate gradients optimization
#  Step   Current energy Av shift Mx shift   Funcs         Gradient
      0       1355.22803   0.0000   0.0000       1          8469.06
      1       1353.12305   0.0006   0.0074       3          4433.47
# Conjugate gradients optimization
#  Step   Current energy Av shift Mx shift   Funcs         Gradient
      0       1787.29712   0.0000   0.0000       1          10229.1
     10       1686.24780   0.0029   0.0572      21          21037.2
     20       1591.88196   0.0027   0.0451      41          6910.14
     30       1540.63550   0.0040   0.0548      61          8695.05
     40       1495.27063   0.0051   0.0862      81          8896.74
     50       1456.27380   0.0039   0.0570     101          6542.11
     55       1445.70215   0.0006   0.0085     112          2325.35
# Conjugate gradients optimization
#  Step   Current energy Av shift Mx shift   Funcs         Gradient
      0       2531.62012   0.0000   0.0000       1          14736.4
     10       2460.47559   0.0005   0.0137      22          4655.89
     20       2338.46509   0.0026   0.0538      42          12404.6
     30       2232.41992   0.0058   0.1030      62          20372.7
     40       2144.26978   0.0058   0.1087      82          12661.1
     50       2089.18164   0.0030   0.0636     103          10418.9
     60       2028.00830   0.0057   0.1091     123          14715.1
     70       1952.78662   0.0087   0.1436     143          22196.7
     80       1850.34827   0.0074   0.1193     163          15168.4
     90       1773.58435   0.0102   0.1511     183          14060.9
     99       1710.16528   0.0012   0.0168     201          7678.01
# Conjugate gradients optimization
#  Step   Current energy Av shift Mx shift   Funcs         Gradient
      0       2645.60938   0.0000   0.0000       1          28441.4
     10       2567.29248   0.0025   0.0669      21          14925.9
     20       2493.68994   0.0071   0.1306      41          24411.2
     30       2406.06470   0.0074   0.1344      61          21578.8
     40       2343.80322   0.0088   0.1869      82          31754.9
     50       2279.91455   0.0090   0.1438     102          13056.5
     60       2198.33081   0.0052   0.1158     122          16444.9
     70       2115.40063   0.0079   0.1339     142            26385
     80       1992.14087   0.0143   0.3324     162          28598.4
     90       1860.23022   0.0089   0.1875     182            18789
# Conjugate gradients optimization
#  Step   Current energy Av shift Mx shift   Funcs         Gradient
      0       1945.69409   0.0000   0.0000       1          22162.5
     10       1893.95068   0.0038   0.0676      21          12605.1
     20       1837.74646   0.0049   0.1024      41          13423.2
     30       1784.23462   0.0032   0.0514      62          7126.19
     40       1748.70984   0.0024   0.0418      82          4913.41
     50       1723.28577   0.0047   0.0854     102          4616.66
     60       1688.37292   0.0072   0.1305     122          6709.46
     70       1660.04285   0.0043   0.0780     142          5966.17
     80       1636.91052   0.0036   0.0640     162          3689.45
     90       1624.64905   0.0017   0.0255     182          2083.26
# Conjugate gradients optimization
#  Step   Current energy Av shift Mx shift   Funcs         Gradient
      0       1917.20447   0.0000   0.0000       1          10403.9
     10       1852.35889   0.0028   0.0575      21          10042.6
     20       1804.72656   0.0028   0.0447      41          6527.94
     30       1776.99304   0.0021   0.0332      61          4287.56
     34       1770.43542   0.0003   0.0053      69          1165.61
# Conjugate gradients optimization
#  Step   Current energy Av shift Mx shift   Funcs         Gradient
      0       2448.93286   0.0000   0.0000       1          13264.6
     10       2238.70532   0.0055   0.0919      21          26479.3
     20       2113.13574   0.0064   0.1259      41          15556.2
     30       2040.86145   0.0064   0.1349      62          12124.8
     40       1986.36670   0.0051   0.0972      83          7209.41
     50       1953.23425   0.0031   0.0416     103          3486.88
     60       1931.66602   0.0041   0.0445     123          4523.78
     70       1901.31995   0.0075   0.0894     144           6461.6
     80       1866.79822   0.0075   0.1076     164          4811.71
     90       1837.12329   0.0030   0.0357     184           4913.3
     97       1826.93713   0.0060   0.0831     201          5903.48
# Conjugate gradients optimization
#  Step   Current energy Av shift Mx shift   Funcs         Gradient
      0       1714.24890   0.0000   0.0000       1          6957.56
      1       1712.48999   0.0006   0.0073       3          4305.24
# Conjugate gradients optimization
#  Step   Current energy Av shift Mx shift   Funcs         Gradient
      0       8607.76172   0.0000   0.0000       1           225597
     10       6021.11426   0.0155   0.4164      21           430412
     20       4740.44824   0.0129   0.2430      41           194303
     30       4173.59766   0.0053   0.1496      62          59372.2
     40       3836.23218   0.0105   0.1643      82          59597.5
     50       3495.94189   0.0145   0.2383     102          65500.7
     60       3184.12646   0.0107   0.1880     122            52622
     70       2989.50317   0.0066   0.0887     142          29508.7
     80       2820.63770   0.0097   0.1410     162          32799.4
     90       2654.50928   0.0094   0.1526     182          26153.3
# Conjugate gradients optimization
#  Step   Current energy Av shift Mx shift   Funcs         Gradient
      0       4078.90161   0.0000   0.0000       1            57258
     10       3582.10986   0.0076   0.1732      21          80183.5
     20       3271.10522   0.0085   0.1714      41          48900.5
     30       3047.62036   0.0087   0.1978      61          42324.2
     40       2886.23633   0.0092   0.1557      81          32598.9
     50       2746.57495   0.0103   0.1178     101          29461.2
     60       2611.82031   0.0132   0.1407     121          20074.2
     67       2557.49268   0.0006   0.0075     136          3279.21
# Conjugate gradients optimization
#  Step   Current energy Av shift Mx shift   Funcs         Gradient
      0       2817.25439   0.0000   0.0000       1          10658.6
     10       2685.30542   0.0045   0.0726      21          15306.8
     20       2617.80151   0.0049   0.0790      41          14728.3
     30       2558.84546   0.0028   0.0383      61           9754.1
     40       2463.03125   0.0155   0.2432      81          41342.3
     50       2248.56860   0.0105   0.1601     101          28918.5
     60       2152.72900   0.0079   0.1049     121          21994.4
     70       2027.85022   0.0225   0.2702     142          27271.4
     80       1886.72632   0.0133   0.1667     162          24056.7
     90       1763.11133   0.0190   0.3235     182          24734.5
# Conjugate gradients optimization
#  Step   Current energy Av shift Mx shift   Funcs         Gradient
      0       1685.80896   0.0000   0.0000       1          22576.5
     10       1634.56555   0.0024   0.0297      21          9766.67
     20       1562.84985   0.0061   0.0690      41            12954
     30       1512.73206   0.0069   0.0793      61          9783.11
     40       1473.81604   0.0068   0.1014      81          5594.83
     50       1446.62952   0.0045   0.0574     102          5961.08
     60       1411.51477   0.0061   0.0945     122          8707.47
     70       1379.79285   0.0039   0.0460     143          5241.34
     80       1353.23938   0.0028   0.0290     163           3887.4
     90       1330.40259   0.0050   0.0537     183          4973.21
     97       1315.09521   0.0006   0.0069     197          2134.02
# Conjugate gradients optimization
#  Step   Current energy Av shift Mx shift   Funcs         Gradient
      0       1339.57324   0.0000   0.0000       1          2647.59
      1       1338.92615   0.0003   0.0038       3          1366.82
# Conjugate gradients optimization
#  Step   Current energy Av shift Mx shift   Funcs         Gradient
      0       1469.84167   0.0000   0.0000       1          5304.98
      4       1455.45605   0.0006   0.0088       9          2789.79
# Conjugate gradients optimization
#  Step   Current energy Av shift Mx shift   Funcs         Gradient
      0       1572.19067   0.0000   0.0000       1          7428.57
     10       1477.57251   0.0047   0.0610      21          9307.67
     20       1434.37939   0.0022   0.0222      41          5645.79
     30       1407.93665   0.0063   0.0872      61          7767.19
# Conjugate gradients optimization
#  Step   Current energy Av shift Mx shift   Funcs         Gradient
      0       1393.39978   0.0000   0.0000       1          3054.74
      1       1392.77344   0.0003   0.0047       3          1400.64
# Conjugate gradients optimization
#  Step   Current energy Av shift Mx shift   Funcs         Gradient
      0       1412.74329   0.0000   0.0000       1          1923.45
      1       1412.05896   0.0004   0.0049       3           2351.1
# Conjugate gradients optimization
#  Step   Current energy Av shift Mx shift   Funcs         Gradient
      0       1583.47717   0.0000   0.0000       1          9516.86
     10       1499.01318   0.0018   0.0314      21          5751.16
     19       1479.10339   0.0005   0.0096      39          2504.32
# Conjugate gradients optimization
#  Step   Current energy Av shift Mx shift   Funcs         Gradient
      0       1498.56702   0.0000   0.0000       1          2865.35
      1       1497.80286   0.0003   0.0062       3          2060.62
# Conjugate gradients optimization
#  Step   Current energy Av shift Mx shift   Funcs         Gradient
      0       1699.44360   0.0000   0.0000       1          5419.67
      4       1678.74695   0.0006   0.0094       9          3998.32
# Conjugate gradients optimization
#  Step   Current energy Av shift Mx shift   Funcs         Gradient
      0       3224.72876   0.0000   0.0000       1           208361
     10       2129.13892   0.0044   0.1329      21          61783.2
     20       1917.33459   0.0052   0.0983      41          23643.6
     30       1790.33801   0.0054   0.1021      61          22325.7
     40       1745.43628   0.0083   0.1542      82          44552.4
     50       1695.99292   0.0011   0.0196     102          5751.87
     60       1639.90283   0.0053   0.1501     123          13364.2
     70       1595.01831   0.0014   0.0366     144          6524.63
     80       1575.12781   0.0014   0.0362     164          4867.56
     90       1523.00317   0.0079   0.2207     184          20961.5
     99       1467.34912   0.0027   0.0813     201          8359.26
# Conjugate gradients optimization
#  Step   Current energy Av shift Mx shift   Funcs         Gradient
      0       1635.71533   0.0000   0.0000       1          95349.5
     10       1507.67749   0.0018   0.0529      21          6449.16
     20       1487.14612   0.0007   0.0181      41          4068.76
     22       1485.47009   0.0002   0.0064      46          800.377
# Conjugate gradients optimization
#  Step   Current energy Av shift Mx shift   Funcs         Gradient
      0       1510.44824   0.0000   0.0000       1          12996.4
     10       1489.96826   0.0007   0.0163      21           3977.1
     20       1475.42017   0.0005   0.0110      41          1760.34
     24       1469.64941   0.0002   0.0066      49          1081.99
# Molecular dynamics simulation at 150.00 K
#  Step   Current energy Av shift Mx shift   Kinetic energy    Kinetic temp.
      0       1469.64941   0.0000   0.0000       1046.21753        157.07617
     10       2070.32959   0.0159   0.0457        602.93671         90.52323
     20       2202.75928   0.0189   0.0793        852.81915        128.03989
     30       2294.53931   0.0194   0.0733        910.45801        136.69362
     40       2316.23071   0.0201   0.0692        976.12640        146.55289
     50       2382.11841   0.0195   0.0631        914.89343        137.35954
# Molecular dynamics simulation at 400.00 K
#  Step   Current energy Av shift Mx shift   Kinetic energy    Kinetic temp.
      0       2382.11841   0.0000   0.0000        999.08575        149.99994
     10       2367.35864   0.0209   0.0742       1053.87073        158.22520
     20       3099.20581   0.0277   0.1007       1880.00098        282.25809
     30       3438.22388   0.0322   0.1114       2545.67407        382.20038
     40       3452.60791   0.0313   0.1146       2420.91821        363.46988
     50       3639.25781   0.0327   0.1334       2618.27417        393.10034
# Molecular dynamics simulation at 1000.00 K
#  Step   Current energy Av shift Mx shift   Kinetic energy    Kinetic temp.
      0       3639.25781   0.0000   0.0000       2664.23047        400.00009
     10       3629.65576   0.0325   0.1206       2566.43848        385.31790
     20       5380.00586   0.0457   0.1942       5201.33252        780.91351
     30       5927.58545   0.0490   0.2039       6019.93262        903.81586
     40       6457.96826   0.0497   0.2324       6218.36914        933.60852
     50       6564.94385   0.0504   0.2812       6352.25488        953.70978
# Molecular dynamics simulation at 1000.00 K
#  Step   Current energy Av shift Mx shift   Kinetic energy    Kinetic temp.
      0       6564.94385   0.0000   0.0000       6660.58252       1000.00122
     10       6811.70459   0.0509   0.2213       6467.96533        971.08221
     20       6871.13721   0.0518   0.2096       6667.98584       1001.11273
     30       6896.83252   0.0503   0.2052       6295.98633        945.26178
     40       7044.00049   0.0502   0.2182       6275.42041        942.17407
     50       6772.08691   0.0508   0.2108       6327.50195        949.99341
     60       6783.70898   0.0512   0.2515       6500.92578        976.03082
     70       6953.57910   0.0501   0.2019       6251.75244        938.62061
     80       6921.55762   0.0507   0.2252       6365.40234        955.68372
     90       6868.99902   0.0507   0.2228       6338.32373        951.61816
    100       6931.56152   0.0506   0.2202       6343.21484        952.35254
    110       7119.03662   0.0513   0.2129       6492.05273        974.69861
    120       6993.19141   0.0521   0.1925       6605.99170        991.80511
    130       7094.81396   0.0518   0.1884       6537.13574        981.46729
    140       7222.59424   0.0514   0.2454       6452.45312        968.75323
    150       7065.92432   0.0518   0.1844       6603.51025        991.43256
    160       7312.18799   0.0510   0.1828       6360.75439        954.98584
    170       7234.27930   0.0516   0.1969       6486.66357        973.88953
    180       7205.19873   0.0517   0.2052       6514.47119        978.06445
    190       7258.70068   0.0512   0.2170       6415.46729        963.20032
    200       7295.74463   0.0511   0.2053       6342.03320        952.17511
    210       7570.70117   0.0518   0.1893       6499.50488        975.81744
    220       7420.14600   0.0518   0.1802       6491.61279        974.63257
    230       7518.38672   0.0516   0.2057       6477.86768        972.56891
    240       7584.35303   0.0516   0.1569       6421.00586        964.03186
    250       7341.01807   0.0519   0.2051       6582.50293        988.27856
    260       7381.11963   0.0520   0.1908       6541.78662        982.16553
    270       7323.23096   0.0521   0.1829       6583.32031        988.40131
    280       7368.86768   0.0526   0.1606       6657.00098        999.46350
    290       7503.72803   0.0518   0.1936       6501.80078        976.16217
    300       7510.44873   0.0516   0.1719       6484.34326        973.54114
# Molecular dynamics simulation at 800.00 K
#  Step   Current energy Av shift Mx shift   Kinetic energy    Kinetic temp.
      0       7510.44873   0.0000   0.0000       6660.57031        999.99939
     10       7548.79492   0.0525   0.2099       6680.08984       1002.92999
     20       7525.13184   0.0520   0.2110       6572.62939        986.79620
     30       7730.80615   0.0520   0.1587       6534.82959        981.12103
     40       7572.07080   0.0520   0.2409       6542.97217        982.34351
     50       7676.44629   0.0520   0.1626       6572.49561        986.77606
     60       7503.66406   0.0524   0.1776       6627.10986        994.97571
     70       7430.86816   0.0526   0.1737       6724.97363       1009.66870
     80       7495.44043   0.0524   0.1490       6680.93115       1003.05627
     90       7657.60596   0.0519   0.1718       6506.20996        976.82416
    100       7644.00391   0.0523   0.1651       6594.43750        990.07037
    110       6944.43408   0.0493   0.1794       5960.87354        894.94885
    120       6915.67334   0.0496   0.1952       5956.39355        894.27625
    130       6943.91797   0.0495   0.2015       5946.60449        892.80658
    140       6874.01416   0.0497   0.1921       5977.35498        897.42334
    150       6891.22363   0.0498   0.2221       5996.19531        900.25195
    160       6902.06250   0.0499   0.1964       6031.63623        905.57300
    170       7020.21387   0.0497   0.1776       5940.51904        891.89288
    180       7078.25635   0.0495   0.1937       5914.23193        887.94623
    190       6867.25537   0.0496   0.2048       5987.25342        898.90948
    200       6889.22705   0.0503   0.2036       6080.35107        912.88690
    210       6561.18359   0.0485   0.1624       5640.33887        846.82471
    220       6686.91699   0.0479   0.1437       5521.64209        829.00391
    230       6590.78955   0.0482   0.1621       5623.84912        844.34894
    240       6654.23096   0.0481   0.1376       5525.15039        829.53064
    250       6570.13672   0.0486   0.1451       5684.28809        853.42310
    260       6548.94434   0.0486   0.1448       5615.99219        843.16937
    270       6674.42236   0.0477   0.1586       5466.87012        820.78058
    280       6709.21533   0.0480   0.1496       5556.87061        834.29297
    290       6640.47510   0.0481   0.1623       5561.39502        834.97229
    300       6620.76514   0.0480   0.1455       5547.78564        832.92902
# Molecular dynamics simulation at 500.00 K
#  Step   Current energy Av shift Mx shift   Kinetic energy    Kinetic temp.
      0       6620.76514   0.0000   0.0000       5328.45947        800.00000
     10       6498.96045   0.0477   0.1441       5460.87158        819.87994
     20       6496.29346   0.0476   0.1504       5450.68945        818.35126
     30       6523.18799   0.0479   0.1728       5544.55566        832.44409
     40       6529.81836   0.0480   0.1462       5500.11377        825.77167
     50       6496.80078   0.0478   0.1503       5466.96289        820.79449
     60       6522.76221   0.0478   0.1543       5477.54199        822.38281
     70       6443.82520   0.0480   0.1469       5497.07715        825.31580
     80       6544.33105   0.0477   0.1389       5432.41016        815.60687
     90       6623.62207   0.0476   0.1457       5399.88232        810.72321
    100       6421.50928   0.0482   0.1875       5566.79150        835.78247
    110       5486.74219   0.0428   0.1212       4372.48828        656.47314
    120       5440.79590   0.0421   0.1540       4236.26172        636.02045
    130       5520.10693   0.0426   0.1391       4355.00537        653.84833
    140       5405.71533   0.0425   0.1385       4340.38867        651.65381
    150       5289.94189   0.0434   0.1555       4505.33545        676.41846
    160       5267.97949   0.0432   0.1176       4446.56201        667.59436
    170       5409.25244   0.0427   0.1295       4337.23047        651.17963
    180       5363.47949   0.0430   0.1424       4424.28955        664.25043
    190       5421.04932   0.0428   0.1385       4371.33838        656.30054
    200       5433.10889   0.0430   0.1370       4417.88916        663.28949
    210       4930.86816   0.0395   0.1180       3753.25635        563.50342
    220       4899.87402   0.0403   0.1202       3844.13281        577.14734
    230       4878.69824   0.0401   0.1149       3852.35278        578.38147
    240       4798.55322   0.0402   0.1307       3897.31104        585.13135
    250       4851.45068   0.0404   0.1296       3911.21387        587.21869
    260       4879.57715   0.0400   0.1315       3823.78564        574.09247
    270       4845.89453   0.0403   0.1284       3876.65039        582.02942
    280       4779.40771   0.0403   0.1302       3910.00928        587.03784
    290       4849.00879   0.0402   0.1206       3917.02612        588.09131
    300       4855.82520   0.0404   0.1237       3891.25049        584.22144
# Molecular dynamics simulation at 300.00 K
#  Step   Current energy Av shift Mx shift   Kinetic energy    Kinetic temp.
      0       4855.82520   0.0000   0.0000       3330.28589        499.99979
     10       4592.25781   0.0385   0.1279       3571.42603        536.20392
     20       4577.24365   0.0384   0.1276       3523.71973        529.04144
     30       4574.88477   0.0390   0.1101       3610.19580        542.02472
     40       4614.16699   0.0383   0.1367       3532.16211        530.30896
     50       4620.04443   0.0384   0.1064       3517.94824        528.17493
     60       4506.41992   0.0387   0.1117       3601.39771        540.70380
     70       4672.69971   0.0387   0.1130       3554.14429        533.60925
     80       4554.33594   0.0389   0.1465       3603.84546        541.07129
     90       4603.17432   0.0385   0.1141       3530.54102        530.06555
    100       4641.17432   0.0385   0.1157       3534.09106        530.59851
    110       3917.97485   0.0341   0.0909       2770.18848        415.90836
    120       3789.96948   0.0343   0.1008       2815.96655        422.78134
    130       3854.78223   0.0342   0.0994       2786.82129        418.40555
    140       3836.27417   0.0345   0.0969       2818.83813        423.21246
    150       3861.84106   0.0344   0.0973       2842.70239        426.79538
    160       3850.67944   0.0340   0.0953       2761.49805        414.60358
    170       3937.60791   0.0338   0.1007       2721.30249        408.56873
    180       3799.93188   0.0350   0.1052       2931.71655        440.15973
    190       3929.56665   0.0337   0.0911       2700.59521        405.45981
    200       3831.38330   0.0344   0.1034       2839.77148        426.35535
    210       3451.01001   0.0317   0.1006       2392.89551        359.26263
    220       3468.97705   0.0313   0.0936       2328.39185        349.57825
    230       3461.88989   0.0316   0.1053       2390.37061        358.88354
    240       3406.67090   0.0318   0.0950       2418.23608        363.06720
    250       3452.70361   0.0316   0.1068       2391.95947        359.12210
    260       3448.08276   0.0314   0.0982       2356.71045        353.82990
    270       3498.38354   0.0314   0.0973       2361.70239        354.57938
    280       3480.47070   0.0313   0.0932       2337.03247        350.87552
    290       3481.63379   0.0315   0.0933       2367.62695        355.46887
    300       3430.80151   0.0315   0.0933       2368.74268        355.63638
# Conjugate gradients optimization
#  Step   Current energy Av shift Mx shift   Funcs         Gradient
      0       3430.80151   0.0000   0.0000       1      3.53831e+06
     10       1505.23779   0.0120   0.0548      21          54204.7
     20       1324.71033   0.0085   0.0390      41            18869
     30       1252.08655   0.0060   0.0354      61          9910.71
     40       1212.82910   0.0050   0.0299      81          5500.53
     50       1191.38696   0.0044   0.0281     101          3516.79
     58       1181.97656   0.0013   0.0086     117          1723.23
