# Conjugate gradients optimization
#  Step   Current energy Av shift Mx shift   Funcs         Gradient
      0      28284.94336   0.0000   0.0000       1      1.08799e+06
     10       1598.61707   0.0685   2.2854      21          6023.28
     20        845.18945   0.0315   0.8361      41           1421.3
     30        580.81445   0.0079   0.3337      63          2787.42
     40        354.95102   0.0258   0.9800      83          763.495
     50        299.56363   0.0258   0.7262     105          516.204
     60        237.81609   0.0326   0.9029     125          593.362
     70        193.31703   0.0203   0.5654     146          400.807
     80        145.39398   0.0219   0.4994     166          791.566
     90        116.95794   0.0146   0.3401     186          98.6121
     98         90.41064   0.0108   0.2569     201          67.9085
# Conjugate gradients optimization
#  Step   Current energy Av shift Mx shift   Funcs         Gradient
      0       1072.24219   0.0000   0.0000       1          7238.25
     10        926.75391   0.0131   0.3213      21          3770.04
     20        805.86816   0.0081   0.1964      41          2152.57
     30        643.76941   0.0307   0.5657      61          6420.97
     40        475.43472   0.0158   0.2722      81          1919.97
     50        388.74149   0.0197   0.4216     101          1925.49
     60        319.67865   0.0254   0.5558     122          1116.97
     70        277.34088   0.0074   0.1250     142          719.429
     80        259.10025   0.0028   0.0657     162          308.613
     90        243.51015   0.0080   0.1230     182          314.752
# Conjugate gradients optimization
#  Step   Current energy Av shift Mx shift   Funcs         Gradient
      0       1626.03992   0.0000   0.0000       1          16708.4
     10       1494.95325   0.0084   0.1645      21          11197.3
     20       1386.86780   0.0098   0.1343      41          11684.8
     30       1243.50549   0.0168   0.1845      61          13772.2
     40       1100.09949   0.0173   0.2028      81          10666.5
     50        998.58478   0.0150   0.1568     101          9083.89
     60        913.36481   0.0117   0.1262     121          8311.79
     70        847.00635   0.0105   0.1161     141          5467.41
     80        798.95734   0.0139   0.1812     161          3548.22
     90        758.80139   0.0107   0.1336     181          3135.42
# Conjugate gradients optimization
#  Step   Current energy Av shift Mx shift   Funcs         Gradient
      0       1706.15430   0.0000   0.0000       1          7962.32
     10       1648.47888   0.0047   0.0535      21          9430.34
     20       1599.25146   0.0093   0.0905      42          6895.42
     30       1558.43762   0.0049   0.0474      63          6386.57
     40       1522.31982   0.0060   0.0606      83           6529.9
     50       1488.15381   0.0062   0.0633     103          6212.79
     57       1469.48694   0.0006   0.0049     118          1856.94
# Conjugate gradients optimization
#  Step   Current energy Av shift Mx shift   Funcs         Gradient
      0       1781.45520   0.0000   0.0000       1          5102.56
     10       1722.02344   0.0030   0.0503      21          10081.3
     20       1668.17786   0.0071   0.0986      41          10884.5
     30       1602.81079   0.0084   0.0991      61          11384.9
     40       1543.98254   0.0162   0.2066      82          34823.8
     50       1496.24060   0.0095   0.1343     102          9945.68
     60       1450.42395   0.0061   0.0905     122          7465.19
     70       1408.06213   0.0093   0.1365     142          7502.53
     80       1374.74866   0.0053   0.0740     162          6485.04
     90       1349.42639   0.0040   0.0723     182          5187.98
# Conjugate gradients optimization
#  Step   Current energy Av shift Mx shift   Funcs         Gradient
      0       1511.02429   0.0000   0.0000       1          6486.99
     10       1463.95557   0.0036   0.0489      21          6364.44
     20       1438.45264   0.0039   0.0470      41          4724.47
     24       1430.64539   0.0007   0.0056      49           1386.8
# Conjugate gradients optimization
#  Step   Current energy Av shift Mx shift   Funcs         Gradient
      0       1694.64014   0.0000   0.0000       1          4993.97
     10       1644.74817   0.0036   0.0502      21          9941.73
     20       1593.12427   0.0061   0.0885      41          11615.3
     30       1535.52856   0.0079   0.1059      61          8812.01
     40       1495.51099   0.0065   0.0866      81          5779.73
     50       1461.88306   0.0059   0.0531     101          6126.72
     60       1430.51343   0.0075   0.0628     121          4928.51
     70       1403.97595   0.0065   0.0564     141             4847
     80       1379.91589   0.0063   0.0537     161          4603.86
     87       1366.63904   0.0013   0.0093     176          2110.64
# Conjugate gradients optimization
#  Step   Current energy Av shift Mx shift   Funcs         Gradient
      0       1462.97278   0.0000   0.0000       1          3229.87
      1       1462.00378   0.0005   0.0081       3          2355.61
# Conjugate gradients optimization
#  Step   Current energy Av shift Mx shift   Funcs         Gradient
      0       2041.19458   0.0000   0.0000       1          14498.3
     10       1797.00854   0.0059   0.1270      21          28717.7
     20       1683.14746   0.0077   0.1296      42          15471.3
     30       1600.68774   0.0056   0.0828      62          13044.3
     40       1545.22583   0.0029   0.0414      82          4094.82
     50       1509.02661   0.0062   0.0734     102          6559.64
     60       1480.41626   0.0046   0.0498     122          4583.67
     70       1458.66455   0.0051   0.0495     142          3701.32
     80       1441.26758   0.0046   0.0496     162          3480.79
     90       1425.91174   0.0038   0.0403     182          3017.85
     95       1419.25928   0.0007   0.0039     193          1273.74
# Conjugate gradients optimization
#  Step   Current energy Av shift Mx shift   Funcs         Gradient
      0       3236.71826   0.0000   0.0000       1            25413
     10       2789.98071   0.0043   0.0976      21          35837.3
     20       2519.51416   0.0098   0.1493      41          63443.5
     30       2311.70361   0.0090   0.1340      61          35250.1
     40       2154.18335   0.0108   0.1318      81            23555
     50       2046.74377   0.0096   0.1075     101          16621.4
     60       1957.34131   0.0054   0.0619     121            10592
     70       1859.48926   0.0153   0.1540     141          18227.4
     80       1781.50439   0.0106   0.0936     161          11290.9
     90       1716.99072   0.0120   0.1103     181          13862.9
     99       1668.42969   0.0020   0.0170     201          5513.81
# Conjugate gradients optimization
#  Step   Current energy Av shift Mx shift   Funcs         Gradient
      0       1461.16235   0.0000   0.0000       1          14885.7
      1       1457.94763   0.0007   0.0090       3           4401.8
# Conjugate gradients optimization
#  Step   Current energy Av shift Mx shift   Funcs         Gradient
      0       3145.23047   0.0000   0.0000       1          62482.3
     10       2477.44482   0.0073   0.1531      21          65539.9
     20       2190.30371   0.0096   0.1492      41            42906
     30       2039.62683   0.0094   0.1233      61          19868.6
     40       1920.50854   0.0094   0.1018      81            18740
     50       1836.63049   0.0096   0.0769     101            15899
     60       1774.34668   0.0085   0.0640     121          9173.09
     70       1728.09949   0.0026   0.0188     142          7256.68
     80       1677.55811   0.0128   0.0945     162          10700.1
     90       1637.40393   0.0076   0.0549     183          6275.16
     99       1610.67249   0.0070   0.0479     201          6389.48
# Conjugate gradients optimization
#  Step   Current energy Av shift Mx shift   Funcs         Gradient
      0       1673.49683   0.0000   0.0000       1          3934.41
     10       1650.12122   0.0030   0.0361      21           3371.4
     20       1630.32214   0.0051   0.0347      41           4339.5
     28       1612.32959   0.0010   0.0094      58          2280.56
# Conjugate gradients optimization
#  Step   Current energy Av shift Mx shift   Funcs         Gradient
      0       1724.80127   0.0000   0.0000       1          4519.98
      7       1710.59436   0.0005   0.0086      15          2732.21
# Conjugate gradients optimization
#  Step   Current energy Av shift Mx shift   Funcs         Gradient
      0       2034.05054   0.0000   0.0000       1          9891.04
     10       1917.00330   0.0064   0.0875      21          10003.5
     20       1842.26733   0.0058   0.0593      41          10547.9
     30       1792.59668   0.0096   0.1226      61          9366.74
     40       1746.48022   0.0110   0.1523      82          21654.4
     41       1741.98267   0.0010   0.0097      84          5681.46
# Conjugate gradients optimization
#  Step   Current energy Av shift Mx shift   Funcs         Gradient
      0       2449.92920   0.0000   0.0000       1          14880.9
     10       2319.53149   0.0079   0.1434      22          29719.9
     20       2212.93042   0.0068   0.1198      43            17345
     30       2127.44092   0.0069   0.0999      63          15155.4
     40       2038.99133   0.0104   0.1374      83          15056.6
     50       1962.96216   0.0059   0.0601     103          11958.9
     60       1902.03467   0.0056   0.0580     123          7900.73
     70       1846.41711   0.0086   0.0940     143          11085.6
     80       1801.88782   0.0023   0.0246     164          5670.54
     90       1775.92236   0.0030   0.0372     184          4770.63
     99       1754.37598   0.0042   0.0404     201           5363.5
# Conjugate gradients optimization
#  Step   Current energy Av shift Mx shift   Funcs         Gradient
      0       2213.42358   0.0000   0.0000       1          21895.8
     10       2036.80713   0.0060   0.1446      21          20632.7
     17       1990.27356   0.0006   0.0091      36          3321.03
# Conjugate gradients optimization
#  Step   Current energy Av shift Mx shift   Funcs         Gradient
      0       2192.01562   0.0000   0.0000       1          7876.45
     10       2117.29785   0.0109   0.1158      21          69459.8
     12       2101.19702   0.0008   0.0100      25          5740.38
# Conjugate gradients optimization
#  Step   Current energy Av shift Mx shift   Funcs         Gradient
      0       2231.30908   0.0000   0.0000       1          10000.6
     10       2125.34277   0.0094   0.1072      21          23714.9
     20       2025.88586   0.0082   0.0461      41          17208.5
     30       1954.18140   0.0075   0.0373      61          11449.8
     40       1890.49829   0.0096   0.0536      81            10102
     50       1836.25427   0.0115   0.0655     101          8655.55
     60       1786.01562   0.0130   0.0735     121          10977.7
     70       1744.08521   0.0082   0.0447     141          8055.41
     80       1707.53210   0.0091   0.0507     161          5896.88
     90       1674.02234   0.0103   0.0575     181          6677.41
     95       1657.39807   0.0011   0.0065     192             3860
# Conjugate gradients optimization
#  Step   Current energy Av shift Mx shift   Funcs         Gradient
      0       1750.51062   0.0000   0.0000       1          7705.83
      4       1738.11462   0.0005   0.0081       9          2614.31
# Conjugate gradients optimization
#  Step   Current energy Av shift Mx shift   Funcs         Gradient
      0       1902.78821   0.0000   0.0000       1          8900.72
     10       1789.76514   0.0035   0.0501      21          11995.1
     20       1749.28113   0.0046   0.0320      41           6061.4
     30       1718.62402   0.0061   0.0345      61          5129.89
     40       1691.85437   0.0070   0.0496      81          4439.96
     45       1680.83020   0.0009   0.0081      92          2503.79
# Conjugate gradients optimization
#  Step   Current energy Av shift Mx shift   Funcs         Gradient
      0       1757.81091   0.0000   0.0000       1          4568.24
     10       1729.23645   0.0035   0.0498      21          6196.68
     20       1706.74390   0.0067   0.0445      42          13172.6
     23       1701.11584   0.0013   0.0095      48          2711.29
# Conjugate gradients optimization
#  Step   Current energy Av shift Mx shift   Funcs         Gradient
      0       2166.94287   0.0000   0.0000       1          17522.5
     10       1979.38757   0.0075   0.0987      21          44874.7
     20       1873.47327   0.0071   0.0894      41          14804.3
     30       1818.99438   0.0055   0.0507      61          7676.26
     40       1783.32715   0.0061   0.0432      81          5862.23
     48       1758.30908   0.0010   0.0092      98          3532.07
# Conjugate gradients optimization
#  Step   Current energy Av shift Mx shift   Funcs         Gradient
      0       2018.39270   0.0000   0.0000       1          33936.5
     10       1867.24219   0.0036   0.0428      21          10091.5
     20       1829.40649   0.0036   0.0381      41          5028.71
     30       1804.15344   0.0044   0.0364      61          5073.56
     40       1780.42456   0.0043   0.0392      81          4125.79
     50       1755.75598   0.0065   0.0745     101          4506.89
     60       1725.74329   0.0098   0.1167     121          6423.84
     70       1701.26587   0.0069   0.0709     141          5243.95
     80       1681.18286   0.0049   0.0670     161           3202.8
     90       1663.21667   0.0057   0.0702     181          3536.74
# Conjugate gradients optimization
#  Step   Current energy Av shift Mx shift   Funcs         Gradient
      0       1708.22632   0.0000   0.0000       1          29978.3
      7       1667.05945   0.0007   0.0084      15          1943.64
# Conjugate gradients optimization
#  Step   Current energy Av shift Mx shift   Funcs         Gradient
      0       1681.67029   0.0000   0.0000       1          8749.62
      6       1668.84424   0.0005   0.0095      13          1642.94
# Molecular dynamics simulation at 150.00 K
#  Step   Current energy Av shift Mx shift   Kinetic energy    Kinetic temp.
      0       1668.84424   0.0000   0.0000        934.51801        149.03754
     10       2213.97900   0.0155   0.0452        541.53754         86.36475
     20       2354.94922   0.0187   0.0569        786.41626        125.41817
     30       2464.15674   0.0189   0.0536        809.53577        129.10529
     40       2496.39868   0.0201   0.0594        910.39130        145.18979
     50       2572.04565   0.0197   0.0697        881.25726        140.54347
# Molecular dynamics simulation at 400.00 K
#  Step   Current energy Av shift Mx shift   Kinetic energy    Kinetic temp.
      0       2572.04565   0.0000   0.0000        940.55292        149.99998
     10       2534.86475   0.0211   0.0621        997.58728        159.09587
     20       3222.36035   0.0282   0.1039       1807.79590        288.30847
     30       3541.31104   0.0321   0.1022       2359.37598        376.27481
     40       3582.09497   0.0314   0.1191       2250.99414        358.98999
     50       3811.55957   0.0329   0.1074       2464.20630        392.99323
# Molecular dynamics simulation at 1000.00 K
#  Step   Current energy Av shift Mx shift   Kinetic energy    Kinetic temp.
      0       3811.55957   0.0000   0.0000       2508.14429        400.00046
     10       3771.64722   0.0327   0.1113       2452.11548        391.06497
     20       5361.25439   0.0458   0.1473       4865.00879        775.87476
     30       5882.51660   0.0498   0.1595       5778.43457        921.54846
     40       6368.30762   0.0502   0.1614       5813.82031        927.19183
     50       6363.06836   0.0514   0.1959       6131.96533        977.92981
# Molecular dynamics simulation at 1000.00 K
#  Step   Current energy Av shift Mx shift   Kinetic energy    Kinetic temp.
      0       6363.06836   0.0000   0.0000       6270.35352       1000.00006
     10       6591.04248   0.0510   0.1714       6003.57715        957.45435
     20       6581.24365   0.0517   0.1738       6215.45264        991.24438
     30       6438.12695   0.0514   0.1951       6133.67139        978.20190
     40       6655.15186   0.0510   0.2359       6011.70557        958.75067
     50       6616.69678   0.0509   0.2114       5951.49268        949.14789
     60       6577.36328   0.0510   0.1836       5990.56494        955.37915
     70       6457.50586   0.0513   0.1846       6034.00781        962.30750
     80       6657.17627   0.0507   0.2052       5903.04590        941.42157
     90       6536.95410   0.0511   0.1764       5969.69336        952.05054
    100       6609.53418   0.0504   0.1712       5818.00098        927.85858
    110       6724.56201   0.0523   0.2064       6273.74805       1000.54138
    120       6840.35498   0.0518   0.1959       6106.94824        973.94006
    130       6761.65723   0.0521   0.1580       6239.71924        995.11444
    140       6623.50928   0.0524   0.1595       6330.24463       1009.55151
    150       6828.48682   0.0524   0.1623       6204.66650        989.52423
    160       6731.63281   0.0524   0.1692       6294.80078       1003.89893
    170       6736.03320   0.0525   0.1616       6322.11914       1008.25568
    180       6793.73779   0.0521   0.1592       6238.54590        994.92731
    190       6948.41699   0.0516   0.1910       6145.03418        980.01404
    200       6958.48682   0.0521   0.1700       6200.88086        988.92047
    210       6958.49951   0.0522   0.1579       6179.98730        985.58838
    220       7031.07422   0.0516   0.1572       6116.29053        975.42999
    230       7014.97070   0.0518   0.1741       6137.54834        978.82019
    240       7017.25977   0.0518   0.1730       6125.89453        976.96161
    250       6869.27979   0.0518   0.1737       6148.54004        980.57312
    260       6953.02246   0.0516   0.1554       6083.83545        970.25403
    270       7034.04297   0.0517   0.1639       6081.48926        969.87982
    280       6904.63721   0.0521   0.1770       6163.32373        982.93085
    290       6847.46729   0.0522   0.1738       6186.24902        986.58698
    300       6919.42480   0.0517   0.1872       6094.02930        971.87976
# Molecular dynamics simulation at 800.00 K
#  Step   Current energy Av shift Mx shift   Kinetic energy    Kinetic temp.
      0       6919.42480   0.0000   0.0000       6270.34229        999.99823
     10       7066.31494   0.0524   0.1739       6286.18164       1002.52429
     20       6957.23389   0.0520   0.1776       6231.89990        993.86743
     30       7004.81689   0.0529   0.1749       6341.79541       1011.39362
     40       7000.37549   0.0524   0.1848       6226.40137        992.99054
     50       7097.38281   0.0522   0.1762       6202.79297        989.22540
     60       7104.37939   0.0521   0.1795       6201.48389        989.01666
     70       6968.64551   0.0527   0.1753       6276.51660       1000.98291
     80       7187.68848   0.0518   0.1651       6061.62207        966.71143
     90       7216.00439   0.0521   0.1680       6124.10498        976.67621
    100       7013.57910   0.0523   0.1589       6181.37109        985.80908
    110       6555.01758   0.0497   0.1503       5613.95459        895.31708
    120       6662.49609   0.0492   0.1738       5426.47803        865.41821
    130       6551.69775   0.0497   0.1762       5540.39990        883.58655
    140       6505.79688   0.0497   0.1460       5535.09473        882.74048
    150       6569.37109   0.0497   0.1412       5512.88721        879.19879
    160       6576.75000   0.0494   0.1260       5476.23535        873.35358
    170       6429.04053   0.0500   0.1437       5632.04834        898.20270
    180       6599.15576   0.0499   0.1355       5527.49707        881.52881
    190       6606.77490   0.0496   0.1420       5499.53564        877.06952
    200       6445.70947   0.0497   0.1599       5605.97363        894.04431
    210       6400.61768   0.0479   0.1364       5167.21094        824.07013
    220       6152.29102   0.0485   0.1329       5261.05127        839.03583
    230       6330.53174   0.0483   0.1370       5239.26318        835.56110
    240       6326.15186   0.0482   0.1278       5239.24463        835.55811
    250       6346.38281   0.0480   0.1357       5187.96631        827.38025
    260       6421.70752   0.0480   0.1686       5142.52295        820.13287
    270       6429.07080   0.0480   0.1315       5175.12695        825.33258
    280       6273.97363   0.0484   0.1492       5284.70410        842.80804
    290       6394.77930   0.0481   0.1479       5172.39355        824.89667
    300       6286.00586   0.0488   0.1308       5285.91943        843.00183
# Molecular dynamics simulation at 500.00 K
#  Step   Current energy Av shift Mx shift   Kinetic energy    Kinetic temp.
      0       6286.00586   0.0000   0.0000       5016.28320        800.00006
     10       6097.03906   0.0478   0.1456       5137.40527        819.31671
     20       6204.19141   0.0473   0.1292       5022.20117        800.94391
     30       6165.57227   0.0473   0.1386       5059.76514        806.93463
     40       6223.21387   0.0476   0.1405       5095.83496        812.68707
     50       6197.62012   0.0474   0.1228       5046.19971        804.77118
     60       6272.33789   0.0469   0.1258       4924.22168        785.31805
     70       6262.06396   0.0476   0.1543       5062.67822        807.39917
     80       6301.39453   0.0469   0.1484       4918.33691        784.37958
     90       6180.47070   0.0475   0.1303       5065.06250        807.77942
    100       6358.91309   0.0468   0.1360       4932.08643        786.57233
    110       5406.33057   0.0431   0.1165       4152.88672        662.30505
    120       5343.29443   0.0427   0.1295       4063.94873        648.12115
    130       5378.58350   0.0428   0.1261       4155.31592        662.69244
    140       5220.92578   0.0435   0.1225       4215.89746        672.35406
    150       5391.84912   0.0431   0.1243       4190.21826        668.25873
    160       5263.40967   0.0432   0.1340       4181.47119        666.86371
    170       5410.70557   0.0428   0.1353       4103.82227        654.48022
    180       5294.21777   0.0436   0.1470       4270.52881        681.06671
    190       5350.06445   0.0429   0.1343       4163.88281        664.05872
    200       5444.93115   0.0428   0.1324       4103.84619        654.48407
    210       4897.01855   0.0406   0.1206       3681.24609        587.08752
    220       4877.68311   0.0404   0.1272       3657.72437        583.33624
    230       4821.21289   0.0409   0.1094       3751.99634        598.37079
    240       4909.64355   0.0401   0.1225       3610.43823        575.79504
    250       4992.69385   0.0397   0.1551       3560.12695        567.77136
    260       4881.92627   0.0405   0.1098       3675.18091        586.12024
    270       4902.34082   0.0399   0.1188       3577.25977        570.50372
    280       4905.34131   0.0403   0.1242       3654.66455        582.84827
    290       4835.45703   0.0408   0.1117       3727.40942        594.44965
    300       4898.85742   0.0405   0.1204       3690.21777        588.51831
# Molecular dynamics simulation at 300.00 K
#  Step   Current energy Av shift Mx shift   Kinetic energy    Kinetic temp.
      0       4898.85742   0.0000   0.0000       3135.17505        499.99976
     10       4602.14307   0.0394   0.1062       3447.56885        549.82050
     20       4589.76807   0.0390   0.1233       3422.24731        545.78223
     30       4595.49561   0.0390   0.1146       3410.84619        543.96393
     40       4548.87061   0.0393   0.1058       3450.27930        550.25275
     50       4619.79688   0.0388   0.1192       3384.59058        539.77667
     60       4594.53613   0.0391   0.1203       3401.25928        542.43500
     70       4569.81934   0.0393   0.1076       3448.47803        549.96552
     80       4588.36230   0.0393   0.1244       3471.02539        553.56140
     90       4610.48047   0.0389   0.1169       3403.60693        542.80945
    100       4648.33691   0.0391   0.1041       3407.78125        543.47516
    110       3908.50977   0.0342   0.0984       2628.07227        419.12668
    120       3939.27417   0.0337   0.0945       2533.03979        403.97083
    130       3865.05542   0.0347   0.1146       2699.55005        430.52600
    140       3833.87427   0.0341   0.0969       2608.06372        415.93570
    150       3900.06372   0.0345   0.1027       2654.54199        423.34808
    160       3822.77051   0.0346   0.1082       2684.01294        428.04813
    170       3861.96191   0.0345   0.0983       2677.10254        426.94604
    180       3830.43799   0.0343   0.0998       2658.00659        423.90060
    190       3930.92480   0.0341   0.0969       2639.71899        420.98410
    200       3820.21704   0.0347   0.1174       2697.23267        430.15640
    210       3498.08643   0.0314   0.0868       2202.61011        351.27368
    220       3461.84863   0.0316   0.0808       2236.91040        356.74393
    230       3465.36938   0.0318   0.0917       2256.21265        359.82227
    240       3455.81836   0.0318   0.1026       2265.63135        361.32434
    250       3495.44482   0.0318   0.0929       2265.13721        361.24554
    260       3548.93579   0.0312   0.0890       2169.31641        345.96399
    270       3513.21411   0.0315   0.1008       2221.01392        354.20874
    280       3493.34741   0.0315   0.0886       2215.93115        353.39813
    290       3488.60693   0.0315   0.0908       2237.74927        356.87769
    300       3452.54419   0.0319   0.0965       2289.87646        365.19098
# Conjugate gradients optimization
#  Step   Current energy Av shift Mx shift   Funcs         Gradient
      0       3452.54419   0.0000   0.0000       1      3.18555e+06
     10       1695.41052   0.0116   0.0408      21          49607.2
     20       1522.93799   0.0079   0.0355      41          18930.7
     30       1448.85449   0.0060   0.0366      61          11470.9
     40       1407.42334   0.0054   0.0342      81          5586.29
     50       1383.24756   0.0065   0.0486     101          3012.29
     60       1367.10596   0.0045   0.0360     121          3229.63
     70       1354.76489   0.0033   0.0274     141          2241.21
     77       1348.75586   0.0006   0.0045     156          866.137
