# Conjugate gradients optimization
#  Step   Current energy Av shift Mx shift   Funcs         Gradient
      0      23539.51562   0.0000   0.0000       1      2.13869e+06
     10       1588.48303   0.0829   2.0145      21          8427.57
     20        684.34283   0.0572   1.7684      41          2731.97
     30        396.39322   0.0279   0.6191      61          2248.36
     40        263.51031   0.0283   0.8325      81          655.806
     50        152.42902   0.0214   0.6037     101          591.163
     60        108.31482   0.0127   0.3551     121          161.312
     70         70.75508   0.0232   0.4113     141          112.323
     80         45.93019   0.0164   0.3854     161          48.1687
     90         34.82176   0.0147   0.3117     181          20.1528
# Conjugate gradients optimization
#  Step   Current energy Av shift Mx shift   Funcs         Gradient
      0        368.10934   0.0000   0.0000       1          1158.83
     10        335.96927   0.0089   0.1267      21          1362.75
     20        304.57254   0.0032   0.0486      42          474.142
     30        291.83289   0.0076   0.0791      63          777.039
     40        258.00784   0.0144   0.1539      83          853.792
     50        228.36926   0.0133   0.1288     103          439.689
     60        206.73676   0.0137   0.1495     123          440.401
     70        187.04140   0.0084   0.1002     143          526.964
     80        172.63878   0.0098   0.1198     163          359.176
     90        161.49876   0.0119   0.1420     183          248.109
     99        153.84111   0.0058   0.0745     201          244.126
# Conjugate gradients optimization
#  Step   Current energy Av shift Mx shift   Funcs         Gradient
      0        892.38385   0.0000   0.0000       1          5277.64
     10        855.46454   0.0051   0.0665      21          5143.28
     20        822.12451   0.0037   0.0449      41          6045.05
     30        802.19769   0.0035   0.0514      61          2540.87
     38        791.44141   0.0006   0.0098      77          791.846
# Conjugate gradients optimization
#  Step   Current energy Av shift Mx shift   Funcs         Gradient
      0       1968.28955   0.0000   0.0000       1          6750.16
     10       1919.13464   0.0013   0.0263      21          27500.7
     19       1895.68359   0.0002   0.0033      39          1974.84
# Conjugate gradients optimization
#  Step   Current energy Av shift Mx shift   Funcs         Gradient
      0       2558.88306   0.0000   0.0000       1          11571.4
     10       2267.84009   0.0089   0.1888      21          54298.3
     20       2114.97314   0.0015   0.0391      42          16583.2
     30       2040.14941   0.0046   0.0573      62          40075.7
     40       1919.15271   0.0095   0.1240      82          42920.8
     50       1816.39404   0.0078   0.0994     102          17053.1
     60       1751.25220   0.0065   0.0888     122          14695.9
     67       1728.98621   0.0003   0.0070     137          1995.97
# Conjugate gradients optimization
#  Step   Current energy Av shift Mx shift   Funcs         Gradient
      0       3420.53687   0.0000   0.0000       1          35020.5
     10       2907.02344   0.0049   0.1383      21           100942
     20       2618.16968   0.0058   0.1157      41          56929.7
     30       2394.60571   0.0082   0.1389      61          62851.7
     40       2193.53906   0.0133   0.2154      82          34282.1
     50       2081.07080   0.0099   0.1194     102            26496
     60       2000.30212   0.0013   0.0248     123          10068.6
     70       1963.43018   0.0022   0.0361     143          11179.7
     80       1911.83984   0.0047   0.0810     163          17535.1
     90       1831.43689   0.0094   0.0901     183          42996.7
     99       1743.89563   0.0092   0.1012     201          26670.6
# Conjugate gradients optimization
#  Step   Current energy Av shift Mx shift   Funcs         Gradient
      0       3131.38867   0.0000   0.0000       1          52940.6
     10       2723.39697   0.0069   0.2251      21          78442.1
     20       2563.53027   0.0039   0.0697      42          65740.7
     30       2389.96045   0.0168   0.2361      62          97769.7
     40       2208.21729   0.0029   0.0532      83            50420
     50       2138.60815   0.0005   0.0125     104          4819.12
     60       2098.95459   0.0018   0.0274     125          31781.1
     70       2013.19104   0.0097   0.1258     145          32033.1
     80       1888.13171   0.0086   0.1025     165          26378.9
     90       1796.20593   0.0107   0.1365     185            24701
     98       1705.09229   0.0077   0.0875     201          27419.2
# Conjugate gradients optimization
#  Step   Current energy Av shift Mx shift   Funcs         Gradient
      0       1958.93359   0.0000   0.0000       1          23015.1
     10       1883.68457   0.0020   0.0500      21          29156.8
     20       1822.33826   0.0070   0.1124      42          63333.8
     30       1796.96375   0.0005   0.0153      62          4587.56
     40       1773.71973   0.0033   0.0447      82          8222.77
     50       1738.58240   0.0022   0.0353     102          9995.58
     60       1708.55835   0.0043   0.0601     122          16889.9
     70       1657.74316   0.0034   0.0402     142          23955.5
     74       1649.75549   0.0002   0.0038     150          1397.06
# Conjugate gradients optimization
#  Step   Current energy Av shift Mx shift   Funcs         Gradient
      0       2141.48608   0.0000   0.0000       1          9096.91
     10       2041.63037   0.0026   0.0555      21          18700.3
     20       1964.64490   0.0045   0.0722      41            14469
     30       1890.36731   0.0061   0.0976      61          27847.1
     40       1813.63184   0.0037   0.0640      81          27723.3
     50       1759.76416   0.0038   0.0510     101          11568.1
     60       1716.43848   0.0080   0.1166     121          22453.2
     65       1703.83508   0.0003   0.0090     131          1573.64
# Conjugate gradients optimization
#  Step   Current energy Av shift Mx shift   Funcs         Gradient
      0       2048.79956   0.0000   0.0000       1           6538.9
     10       1972.03101   0.0027   0.1296      21          17247.5
     20       1934.10510   0.0031   0.0569      41          8446.52
     30       1898.24683   0.0056   0.0650      61          11244.4
     40       1850.93579   0.0094   0.0971      81          21384.4
     50       1817.55347   0.0013   0.0194     101          6872.04
     60       1793.51086   0.0032   0.0551     121          5959.94
     66       1785.70483   0.0007   0.0071     133          3219.09
# Conjugate gradients optimization
#  Step   Current energy Av shift Mx shift   Funcs         Gradient
      0       1675.16211   0.0000   0.0000       1           4191.8
      1       1674.65271   0.0003   0.0088       3          2901.51
# Conjugate gradients optimization
#  Step   Current energy Av shift Mx shift   Funcs         Gradient
      0       4058.72974   0.0000   0.0000       1          82567.2
     10       3333.57983   0.0087   0.1915      21           111430
     20       2882.13159   0.0096   0.1469      41          95778.2
     30       2569.46045   0.0153   0.1349      61          62489.1
     40       2358.74146   0.0069   0.0650      81          27471.8
     50       2198.30835   0.0148   0.1390     101          39157.9
     60       2064.32104   0.0099   0.1058     121          35240.1
     70       1946.52954   0.0191   0.1663     142          53181.1
     80       1853.37671   0.0120   0.1130     162          26333.9
     90       1778.54211   0.0100   0.0932     182          17220.7
# Conjugate gradients optimization
#  Step   Current energy Av shift Mx shift   Funcs         Gradient
      0       1888.16956   0.0000   0.0000       1          14307.3
     10       1818.59363   0.0058   0.0541      21          16740.8
     20       1770.10779   0.0051   0.0392      41          10979.6
     30       1736.26062   0.0041   0.0278      61          9488.52
     40       1707.02356   0.0034   0.0242      81          8207.86
     50       1681.47644   0.0010   0.0103     102          4728.05
     53       1678.06409   0.0011   0.0074     108          2947.57
# Conjugate gradients optimization
#  Step   Current energy Av shift Mx shift   Funcs         Gradient
      0       1802.36890   0.0000   0.0000       1          5811.07
     10       1771.48303   0.0029   0.0339      21          8280.87
     20       1743.39893   0.0034   0.0261      41          6600.45
     30       1709.88562   0.0049   0.0291      61          9771.21
     40       1677.49744   0.0049   0.0261      81          8409.48
     50       1645.41833   0.0094   0.0479     101          13716.2
     60       1611.65393   0.0071   0.0389     121          11155.8
     70       1584.19824   0.0057   0.0321     141          9718.62
     75       1575.82825   0.0006   0.0080     151          2385.06
# Conjugate gradients optimization
#  Step   Current energy Av shift Mx shift   Funcs         Gradient
      0       1703.00891   0.0000   0.0000       1          4581.42
      1       1701.51294   0.0005   0.0099       3          5937.08
# Conjugate gradients optimization
#  Step   Current energy Av shift Mx shift   Funcs         Gradient
      0       1995.99902   0.0000   0.0000       1          17225.3
     10       1835.86426   0.0046   0.0558      21          26193.8
     20       1764.40417   0.0027   0.0241      41          21102.3
     30       1714.79419   0.0009   0.0172      61          5351.12
     40       1678.30298   0.0058   0.0622      81          10435.5
# Conjugate gradients optimization
#  Step   Current energy Av shift Mx shift   Funcs         Gradient
      0       2077.17456   0.0000   0.0000       1          14766.9
     10       1948.47327   0.0048   0.0459      21          41932.5
     20       1849.71045   0.0080   0.0877      41            25758
     30       1768.43823   0.0073   0.0463      61          13955.9
     40       1716.39172   0.0058   0.0261      81          11149.4
     50       1675.07373   0.0067   0.0292     101          9293.38
     60       1639.70459   0.0084   0.0401     121          8310.02
     70       1617.51904   0.0028   0.0147     141          7320.04
     77       1606.37805   0.0001   0.0040     155          1027.18
# Conjugate gradients optimization
#  Step   Current energy Av shift Mx shift   Funcs         Gradient
      0       1706.63672   0.0000   0.0000       1           2615.9
     10       1683.06604   0.0023   0.0253      21          13299.3
     20       1655.70325   0.0021   0.0246      41          10909.1
     30       1633.02417   0.0014   0.0123      61          4311.37
     33       1628.66516   0.0014   0.0097      67          5328.26
# Conjugate gradients optimization
#  Step   Current energy Av shift Mx shift   Funcs         Gradient
      0       1707.16760   0.0000   0.0000       1          7718.02
     10       1676.10352   0.0025   0.0460      21          16164.6
     20       1649.99768   0.0031   0.0240      41          4677.31
     24       1643.64185   0.0003   0.0069      49          2209.83
# Conjugate gradients optimization
#  Step   Current energy Av shift Mx shift   Funcs         Gradient
      0       1758.69495   0.0000   0.0000       1           6674.3
     10       1699.02795   0.0052   0.1014      21          9560.84
     20       1661.90259   0.0031   0.0380      41          11957.5
     28       1642.33545   0.0012   0.0086      57          3229.73
# Conjugate gradients optimization
#  Step   Current energy Av shift Mx shift   Funcs         Gradient
      0       1684.01917   0.0000   0.0000       1          4086.07
      1       1683.04065   0.0004   0.0074       3          3865.57
# Conjugate gradients optimization
#  Step   Current energy Av shift Mx shift   Funcs         Gradient
      0       1730.97888   0.0000   0.0000       1          5883.78
      4       1725.53125   0.0003   0.0060       9          2142.26
# Conjugate gradients optimization
#  Step   Current energy Av shift Mx shift   Funcs         Gradient
      0       1905.91272   0.0000   0.0000       1          5655.33
     10       1858.90173   0.0008   0.0119      21          6356.58
     20       1767.45105   0.0023   0.0230      41          12741.7
     30       1717.96191   0.0065   0.0528      61          12766.2
     40       1688.92200   0.0048   0.0405      81          7765.85
     50       1665.38086   0.0043   0.0314     101          6085.03
     60       1648.05469   0.0020   0.0169     121          2602.03
     67       1637.76379   0.0011   0.0078     136          1769.49
# Conjugate gradients optimization
#  Step   Current energy Av shift Mx shift   Funcs         Gradient
      0       1857.51135   0.0000   0.0000       1          27705.4
     10       1733.71375   0.0012   0.0306      21          18942.7
     20       1701.17041   0.0033   0.0519      41          7752.84
     26       1691.53369   0.0006   0.0089      53          5691.27
# Conjugate gradients optimization
#  Step   Current energy Av shift Mx shift   Funcs         Gradient
      0       1831.14624   0.0000   0.0000       1          67759.4
     10       1742.03809   0.0015   0.0421      21          22574.2
# Conjugate gradients optimization
#  Step   Current energy Av shift Mx shift   Funcs         Gradient
      0       1744.40784   0.0000   0.0000       1          10968.6
      9       1732.12256   0.0002   0.0081      19          5860.78
# Molecular dynamics simulation at 150.00 K
#  Step   Current energy Av shift Mx shift   Kinetic energy    Kinetic temp.
      0       1732.12256   0.0000   0.0000        974.95416        156.45255
     10       3014.79712   0.0171   0.4384       1315.67017        211.12781
     20       2855.07227   0.0174   0.5162       1337.48730        214.62885
     30       2643.58350   0.0156   0.5865       1388.18872        222.76498
     40       2990.45312   0.0156   0.5392       1748.80249        280.63327
     50       2264.76855   0.0131   0.5149        976.08704        156.63434
# Molecular dynamics simulation at 400.00 K
#  Step   Current energy Av shift Mx shift   Kinetic energy    Kinetic temp.
      0       2264.76855   0.0000   0.0000        934.74475        150.00006
     10       2595.78247   0.0140   0.5237       1266.81152        203.28738
     20       2651.00269   0.0175   0.5516       1879.55505        301.61536
     30       3248.90967   0.0192   0.5522       1928.90527        309.53467
     40       3492.35498   0.0213   0.5945       2719.47803        436.39923
     50       3625.10669   0.0210   0.4617       2672.01221        428.78232
# Molecular dynamics simulation at 1000.00 K
#  Step   Current energy Av shift Mx shift   Kinetic energy    Kinetic temp.
      0       3625.10669   0.0000   0.0000       2492.65063        399.99985
     10       4636.37842   0.0215   0.6755       3581.77100        574.77283
     20       5764.14014   0.0259   0.6576       4395.61133        705.37115
     30       5724.42529   0.0291   0.6177       4525.56934        726.22577
     40       6279.84277   0.0315   0.5842       5011.03516        804.12927
     50       7472.92822   0.0332   0.5925       4951.46680        794.57025
# Molecular dynamics simulation at 1000.00 K
#  Step   Current energy Av shift Mx shift   Kinetic energy    Kinetic temp.
      0       7472.92822   0.0000   0.0000       6231.62793        999.99982
     10       6801.11719   0.0363   0.6097       6598.74854       1058.91235
     20       6549.21436   0.0368   0.5301       6061.05957        972.62848
     30       7259.68799   0.0363   0.6755       6205.58301        995.82037
     40       7932.76465   0.0366   0.4796       5612.75781        900.68872
     50       7553.52832   0.0380   0.6403       7354.80615       1180.23816
     60       7687.27100   0.0370   0.5001       6118.56836        981.85699
     70       7070.76318   0.0379   0.4454       6394.85742       1026.19360
     80       7499.23291   0.0368   0.5286       5746.75684        922.19177
     90       9172.25195   0.0391   0.5378       7031.82666       1128.40906
    100       7517.54785   0.0385   0.6563       6982.18896       1120.44360
    110       7570.84326   0.0379   0.6325       6842.28467       1097.99292
    120       7512.67871   0.0371   0.5903       6180.31299        991.76526
    130       8538.87891   0.0384   0.6755       7122.90088       1143.02393
    140       7420.41211   0.0379   0.4582       6289.57422       1009.29858
    150       7740.74902   0.0384   0.5665       6547.67236       1050.71606
    160       8675.37305   0.0397   0.6755       8134.27539       1305.32092
    170      10181.74121   0.0413   0.6755       8978.59277       1440.80994
    180       8665.74219   0.0400   0.5690       7272.17773       1166.97864
    190       8464.51660   0.0406   0.6755       8093.15527       1298.72229
    200      10656.84473   0.0416   0.5526       7970.44336       1279.03052
    210       8192.74707   0.0399   0.6031       8348.35840       1339.67517
    220       8359.24805   0.0399   0.6755       8322.50391       1335.52625
    230       8858.12695   0.0403   0.5383       7788.80078       1249.88196
    240      10253.97949   0.0419   0.5126       9087.56543       1458.29700
    250       9089.93164   0.0418   0.5831       8724.97363       1400.11121
    260       9608.97363   0.0409   0.4200       7374.42920       1183.38708
    270       9693.97363   0.0418   0.5516       8400.39844       1348.02612
    280       9917.83398   0.0433   0.5835       9663.99219       1550.79712
    290      11223.32422   0.0428   0.5241       9151.59082       1468.57117
    300      10919.01367   0.0433   0.5118       8928.64258       1432.79431
# Molecular dynamics simulation at 800.00 K
#  Step   Current energy Av shift Mx shift   Kinetic energy    Kinetic temp.
      0      10919.01367   0.0000   0.0000       6231.63330       1000.00073
     10       9469.97559   0.0399   0.5517       8213.00488       1317.95471
     20       9574.75195   0.0412   0.6142       9512.85254       1526.54346
     30       9116.89648   0.0412   0.6124       8758.84863       1405.54724
     40      10131.59180   0.0419   0.6755       9657.70605       1549.78833
     50      10533.85645   0.0433   0.6755      10708.54590       1718.41846
     60      11186.17285   0.0426   0.5620       9426.47363       1512.68213
     70      10440.46191   0.0423   0.6755       9368.21973       1503.33398
     80      11691.61328   0.0440   0.5580      10133.13672       1626.08154
     90      11184.39648   0.0437   0.6591      10341.89551       1659.58142
    100      11931.29785   0.0448   0.6755      10728.35840       1721.59778
    110       9745.89941   0.0382   0.6755       9103.86230       1460.91211
    120      11141.00195   0.0393   0.6059       9889.49609       1586.98413
    130      10915.86523   0.0386   0.4617       8272.86816       1327.56116
    140       9250.08203   0.0400   0.4926       9174.23047       1472.20422
    150       9036.21973   0.0396   0.5270       8729.03223       1400.76257
    160      10976.21094   0.0400   0.5543       9007.25879       1445.41003
    170       9811.31543   0.0407   0.6268       9599.78320       1540.49341
    180      11572.42969   0.0409   0.6062       9219.68164       1479.49792
    190       9783.78223   0.0414   0.6124       9796.64453       1572.08411
    200      10371.89062   0.0420   0.6037       9746.09961       1563.97302
    210       8651.52930   0.0372   0.6755       8899.05469       1428.04626
    220       9495.40039   0.0368   0.6755       9033.51758       1449.62378
    230       9844.42969   0.0373   0.6225       8543.91406       1371.05627
    240      10753.87988   0.0372   0.6013       7574.08301       1215.42590
    250      10483.10645   0.0386   0.6755       9168.39746       1471.26819
    260      10467.63477   0.0399   0.5982       9988.09180       1602.80591
    270       9588.44336   0.0392   0.5704       8516.30371       1366.62561
    280      10946.14453   0.0398   0.6524       9050.77637       1452.39331
    290       9376.24316   0.0391   0.4956       8452.45215       1356.37927
    300      10097.37695   0.0403   0.5149       9252.32520       1484.73621
# Molecular dynamics simulation at 500.00 K
#  Step   Current energy Av shift Mx shift   Kinetic energy    Kinetic temp.
      0      10097.37695   0.0000   0.0000       4985.30420        800.00018
     10       7930.19043   0.0345   0.4570       6558.76270       1052.49573
     20       8698.35742   0.0352   0.4780       6909.52148       1108.78259
     30       9140.86719   0.0368   0.5519       7789.71973       1250.02942
     40       8706.04395   0.0362   0.5214       7383.77783       1184.88733
     50       9414.72168   0.0374   0.5535       8111.18994       1301.61633
     60       9647.62793   0.0373   0.4545       7685.53027       1233.31006
     70       9148.48730   0.0380   0.5081       8437.55273       1353.98828
     80       9799.80957   0.0389   0.5677       8719.82227       1399.28455
     90       9969.05273   0.0387   0.5562       8533.09375       1369.31995
    100       8952.11816   0.0396   0.6755       9544.55273       1531.63049
    110       6951.38477   0.0334   0.4986       7289.99414       1169.83765
    120       9071.39258   0.0331   0.5443       7450.28857       1195.56042
    130       9335.83496   0.0351   0.6755       8972.94434       1439.90356
    140      10215.84766   0.0346   0.5595       8038.75830       1289.99316
    150       9101.92090   0.0342   0.5808       7453.82715       1196.12817
    160       8965.52441   0.0353   0.6755       9196.98730       1475.85608
    170       9747.05371   0.0344   0.6468       7689.91211       1234.01318
    180       8913.77930   0.0346   0.5287       7227.43066       1159.79797
    190       9782.18750   0.0356   0.5664       8195.36816       1315.12451
    200       9285.43945   0.0355   0.6476       8233.90527       1321.30872
    210       7425.35742   0.0300   0.6048       6059.19092        972.32861
    220       8405.13379   0.0325   0.6755       8495.00000       1363.20703
    230       8756.70605   0.0326   0.5963       8284.83594       1329.48157
    240       9416.59180   0.0328   0.5499       7699.07129       1235.48291
    250       9441.77441   0.0326   0.6720       7928.39209       1272.28247
    260       9661.64648   0.0328   0.6042       7303.74023       1172.04346
    270       9281.52734   0.0327   0.5516       6999.72852       1123.25830
    280       8679.54785   0.0326   0.5383       7276.23633       1167.62988
    290       8620.84473   0.0325   0.5452       6719.99316       1078.36865
    300       8587.51172   0.0326   0.5184       6856.28662       1100.23987
# Molecular dynamics simulation at 300.00 K
#  Step   Current energy Av shift Mx shift   Kinetic energy    Kinetic temp.
      0       8587.51172   0.0000   0.0000       3115.81299        499.99976
     10       6557.14160   0.0285   0.5699       5253.07666        842.97009
     20       6745.32910   0.0288   0.4191       5029.90283        807.15698
     30       7243.39600   0.0288   0.4807       5357.06299        859.65692
     40       6939.75684   0.0310   0.6755       7214.54785       1157.73071
     50       7718.53564   0.0303   0.6352       6543.91846       1050.11365
     60       7228.79248   0.0318   0.6401       7369.72900       1182.63281
     70       9083.99316   0.0307   0.4743       6492.54199       1041.86914
     80       8347.46777   0.0322   0.6755       8113.56885       1301.99805
     90       8844.50488   0.0324   0.5783       7686.38037       1233.44641
    100       8449.65527   0.0323   0.4826       7613.22900       1221.70764
    110       6242.30469   0.0261   0.5525       5574.39355        894.53235
    120       7661.33496   0.0273   0.6263       6102.50928        979.27997
    130       7109.31543   0.0275   0.5559       6185.50439        992.59833
    140       6807.84766   0.0275   0.6150       5839.97217        937.15021
    150       6792.09766   0.0270   0.5140       5273.36035        846.22504
    160       6411.24414   0.0275   0.4722       5555.17627        891.44849
    170       7001.55615   0.0279   0.6755       6208.02930        996.21295
    180       9082.07910   0.0295   0.6755       7424.38477       1191.40356
    190       9419.56055   0.0289   0.6143       6844.16211       1098.29419
    200       8674.91211   0.0284   0.6755       6984.83936       1120.86890
    210       7564.33447   0.0243   0.4933       5064.89746        812.77264
    220       7025.26904   0.0251   0.5780       5987.47021        960.81946
    230       7687.88574   0.0247   0.5195       5105.73096        819.32526
    240       8138.40234   0.0259   0.6755       6391.07227       1025.58618
    250       7317.66064   0.0259   0.4950       5713.24512        916.81409
    260       7853.18555   0.0271   0.4951       6478.60498       1039.63269
    270       6830.01318   0.0272   0.5694       6806.03467       1092.17590
    280       8160.02588   0.0271   0.5698       6364.91992       1021.38947
    290       7543.24902   0.0265   0.4393       5329.98633        855.31189
    300       7725.78711   0.0265   0.5400       6376.58594       1023.26147
# Conjugate gradients optimization
#  Step   Current energy Av shift Mx shift   Funcs         Gradient
      0       7725.78711   0.0000   0.0000       1       1.4103e+07
     10       1862.97876   0.0062   0.0982      21           104758
     20       1577.48047   0.0039   0.0542      41          37215.4
     30       1433.16541   0.0048   0.0787      61          17334.5
     40       1374.83813   0.0043   0.0586      81          8912.09
     50       1333.56433   0.0047   0.0947     101          8219.81
     60       1289.27527   0.0015   0.0268     122           3907.7
     70       1270.88867   0.0009   0.0162     143          2121.99
     77       1262.40417   0.0003   0.0051     158          806.996
